0 0.480469 0.484375 0.078125 0.070312
0 0.792969 0.128906 0.062500 0.093750
0 0.707031 0.537109 0.125000 0.074219
0 0.931641 0.392578 0.058594 0.074219
0 0.726562 0.375000 0.078125 0.054688
0 0.878906 0.281250 0.062500 0.078125
0 0.058594 0.582031 0.070312 0.054688
1 0.421875 0.871094 0.164062 0.117188
0 0.394531 0.972656 0.085938 0.054688
0 0.777344 0.070312 0.101562 0.078125
0 0.189453 0.380859 0.082031 0.074219
0 0.267578 0.585938 0.113281 0.062500
0 0.843750 0.220703 0.054688 0.082031
0 0.792969 0.439453 0.078125 0.097656
0 0.126953 0.570312 0.089844 0.054688
0 0.837891 0.109375 0.058594 0.109375
0 0.544922 0.468750 0.066406 0.070312
0 0.525391 0.568359 0.097656 0.058594
0 0.912109 0.349609 0.058594 0.082031
0 0.931641 0.878906 0.128906 0.062500
0 0.951172 0.333984 0.042969 0.082031
0 0.259766 0.365234 0.082031 0.058594
0 0.783203 0.359375 0.066406 0.046875
