0 0.066406 0.539062 0.078125 0.093750
0 0.121094 0.664062 0.070312 0.109375
0 0.154297 0.824219 0.113281 0.125000
0 0.248047 0.962891 0.050781 0.066406
0 0.216797 0.488281 0.074219 0.070312
0 0.242188 0.568359 0.109375 0.042969
0 0.154297 0.033203 0.097656 0.050781
0 0.644531 0.125000 0.148438 0.109375
0 0.677734 0.021484 0.121094 0.035156
0 0.320312 0.398438 0.093750 0.070312
0 0.505859 0.404297 0.082031 0.050781
0 0.498047 0.496094 0.121094 0.039062
0 0.759766 0.427734 0.089844 0.042969
0 0.933594 0.460938 0.132812 0.046875
0 0.769531 0.642578 0.125000 0.058594
