0 0.049430 0.570342 0.076046 0.114068
0 0.100760 0.693916 0.072243 0.125475
0 0.138783 0.851711 0.133080 0.159696
0 0.233840 0.975285 0.057034 0.049430
0 0.207224 0.520913 0.079848 0.091255
0 0.233840 0.595057 0.117871 0.057034
0 0.306084 0.423954 0.102662 0.072243
0 0.492395 0.431559 0.102662 0.057034
0 0.484791 0.522814 0.140684 0.049430
0 0.136882 0.055133 0.121673 0.064639
0 0.659696 0.034221 0.148289 0.060837
0 0.631179 0.150190 0.159696 0.110266
0 0.743346 0.454373 0.110266 0.049430
0 0.922053 0.492395 0.155894 0.049430
0 0.756654 0.669202 0.152091 0.060837
