1 0.919922 0.750000 0.144531 0.250000
1 0.134766 0.625000 0.214844 0.226562
1 0.923828 0.324219 0.136719 0.187500
0 0.580078 0.880859 0.058594 0.082031
0 0.671875 0.681641 0.070312 0.128906
0 0.558594 0.554688 0.046875 0.109375
0 0.279297 0.800781 0.058594 0.117188
0 0.289062 0.386719 0.062500 0.109375
0 0.500000 0.224609 0.101562 0.097656
0 0.175781 0.117188 0.070312 0.117188
0 0.572266 0.953125 0.058594 0.062500
0 0.378906 0.980469 0.046875 0.039062
0 0.939453 0.054688 0.066406 0.046875
0 0.910156 0.015625 0.046875 0.023438
