0 0.595703 0.347656 0.050781 0.085938
0 0.804688 0.583984 0.054688 0.074219
0 0.117188 0.201172 0.046875 0.097656
0 0.087891 0.191406 0.035156 0.101562
0 0.140625 0.441406 0.078125 0.078125
0 0.080078 0.085938 0.105469 0.085938
0 0.828125 0.644531 0.070312 0.062500
0 0.554688 0.400391 0.070312 0.074219
0 0.570312 0.419922 0.070312 0.074219
0 0.296875 0.839844 0.093750 0.062500
0 0.437500 0.861328 0.054688 0.074219
0 0.447266 0.923828 0.050781 0.074219
0 0.470703 0.908203 0.058594 0.082031
1 0.712891 0.751953 0.246094 0.136719
