1 0.288095 0.476190 0.204762 0.171429
0 0.128571 0.600000 0.076190 0.057143
0 0.621429 0.766667 0.109524 0.066667
2 0.766667 0.790476 0.104762 0.095238
2 0.223810 0.930952 0.104762 0.080952
2 0.550000 0.340476 0.119048 0.052381
0 0.664286 0.388095 0.090476 0.071429
2 0.757143 0.271429 0.114286 0.104762
0 0.821429 0.383333 0.080952 0.071429
2 0.883333 0.454762 0.100000 0.080952
2 0.304762 0.100000 0.104762 0.085714
0 0.111905 0.102381 0.109524 0.100000
0 0.664286 0.035714 0.061905 0.061905
0 0.478571 0.016667 0.100000 0.023810
0 0.023810 0.366667 0.038095 0.066667
0 0.019048 0.876190 0.028571 0.057143
0 0.800000 0.978571 0.095238 0.042857
2 0.107143 0.954762 0.109524 0.042857
0 0.176190 0.597619 0.057143 0.052381
0 0.142857 0.638095 0.076190 0.038095
0 0.114286 0.985714 0.085714 0.028571
