0 0.070312 0.421875 0.125000 0.070312
0 0.205078 0.330078 0.105469 0.074219
0 0.263672 0.203125 0.113281 0.062500
0 0.494141 0.169922 0.121094 0.074219
0 0.501953 0.134766 0.121094 0.074219
0 0.337891 0.031250 0.105469 0.054688
0 0.423828 0.031250 0.105469 0.054688
0 0.408203 0.460938 0.105469 0.085938
0 0.392578 0.558594 0.097656 0.062500
0 0.250000 0.587891 0.101562 0.074219
0 0.212891 0.710938 0.066406 0.101562
0 0.183594 0.728516 0.093750 0.128906
0 0.156250 0.880859 0.078125 0.082031
0 0.142578 0.892578 0.113281 0.097656
0 0.591797 0.681641 0.144531 0.074219
0 0.873047 0.375000 0.121094 0.085938
0 0.880859 0.863281 0.121094 0.085938
