1 0.550781 0.070312 0.195312 0.132812
0 0.308594 0.117188 0.156250 0.046875
0 0.283203 0.244141 0.089844 0.066406
0 0.210938 0.248047 0.093750 0.050781
0 0.439453 0.355469 0.105469 0.062500
0 0.470703 0.392578 0.097656 0.042969
0 0.904297 0.279297 0.113281 0.050781
0 0.658203 0.609375 0.113281 0.046875
0 0.634766 0.580078 0.136719 0.042969
0 0.943359 0.769531 0.097656 0.046875
0 0.902344 0.800781 0.101562 0.046875
0 0.138672 0.335938 0.105469 0.093750
0 0.101562 0.332031 0.070312 0.085938
1 0.337891 0.576172 0.324219 0.269531
1 0.199219 0.802734 0.148438 0.128906
