1 0.214844 0.597656 0.367188 0.304688
1 0.589844 0.441406 0.265625 0.148438
1 0.853516 0.494141 0.199219 0.160156
1 0.736328 0.339844 0.167969 0.101562
1 0.093750 0.179688 0.164062 0.085938
1 0.294922 0.173828 0.160156 0.089844
1 0.466797 0.082031 0.152344 0.093750
0 0.664062 0.136719 0.093750 0.093750
1 0.683594 0.855469 0.320312 0.132812
0 0.146484 0.984375 0.082031 0.031250
0 0.224609 0.986328 0.066406 0.027344
0 0.029297 0.425781 0.042969 0.054688
0 0.019531 0.455078 0.023438 0.035156
0 0.017578 0.955078 0.019531 0.050781
0 0.640625 0.064453 0.062500 0.058594
