0 0.488281 0.427734 0.093750 0.074219
0 0.136719 0.058594 0.125000 0.078125
2 0.751953 0.662109 0.136719 0.050781
0 0.626953 0.019531 0.082031 0.031250
2 0.107422 0.687500 0.066406 0.132812
1 0.634766 0.150391 0.167969 0.121094
0 0.208984 0.521484 0.089844 0.082031
2 0.232422 0.589844 0.113281 0.054688
0 0.740234 0.460938 0.097656 0.062500
0 0.681641 0.042969 0.089844 0.039062
2 0.486328 0.519531 0.144531 0.046875
2 0.914062 0.488281 0.148438 0.054688
0 0.310547 0.425781 0.097656 0.070312
1 0.138672 0.845703 0.128906 0.152344
1 0.050781 0.568359 0.078125 0.113281
0 0.984375 0.082031 0.031250 0.062500
0 0.240234 0.972656 0.058594 0.054688
