1 0.103516 0.265625 0.199219 0.210938
0 0.203125 0.466797 0.085938 0.074219
0 0.269531 0.470703 0.085938 0.066406
0 0.546875 0.564453 0.093750 0.066406
0 0.740234 0.728516 0.136719 0.082031
0 0.767578 0.066406 0.082031 0.070312
0 0.839844 0.044922 0.093750 0.058594
0 0.898438 0.232422 0.078125 0.113281
0 0.884766 0.824219 0.105469 0.039062
0 0.869141 0.798828 0.136719 0.042969
0 0.562500 0.605469 0.101562 0.070312
0 0.628906 0.316406 0.109375 0.070312
0 0.660156 0.363281 0.101562 0.054688
0 0.910156 0.246094 0.046875 0.078125
1 0.636719 0.158203 0.148438 0.128906
0 0.113281 0.558594 0.070312 0.054688
