0 0.306641 0.210938 0.089844 0.062500
0 0.484375 0.207031 0.117188 0.070312
0 0.207031 0.298828 0.085938 0.089844
0 0.236328 0.376953 0.121094 0.050781
0 0.742188 0.238281 0.101562 0.062500
0 0.234375 0.767578 0.062500 0.082031
0 0.753906 0.455078 0.132812 0.058594
0 0.916016 0.273438 0.121094 0.054688
0 0.103516 0.472656 0.089844 0.125000
0 0.050781 0.349609 0.078125 0.113281
0 0.111328 0.619141 0.058594 0.097656
0 0.152344 0.662109 0.085938 0.082031
0 0.146484 0.601562 0.050781 0.101562
0 0.478516 0.304688 0.121094 0.054688
