0 0.187500 0.273438 0.093750 0.078125
0 0.212891 0.125000 0.121094 0.046875
0 0.552734 0.503906 0.105469 0.085938
0 0.464844 0.437500 0.093750 0.085938
0 0.271484 0.312500 0.097656 0.062500
1 0.189453 0.455078 0.097656 0.175781
1 0.246094 0.818359 0.164062 0.160156
1 0.759766 0.626953 0.105469 0.144531
0 0.576172 0.638672 0.113281 0.074219
0 0.591797 0.679688 0.105469 0.070312
0 0.970703 0.531250 0.058594 0.054688
0 0.021484 0.486328 0.035156 0.058594
0 0.634766 0.025391 0.105469 0.042969
0 0.560547 0.015625 0.066406 0.023438
