1 0.291016 0.750000 0.246094 0.140625
0 0.404297 0.341797 0.050781 0.082031
0 0.425781 0.417969 0.078125 0.078125
0 0.443359 0.396484 0.066406 0.082031
0 0.853516 0.439453 0.074219 0.082031
0 0.878906 0.199219 0.054688 0.101562
0 0.902344 0.187500 0.054688 0.101562
0 0.910156 0.087891 0.109375 0.082031
0 0.164062 0.638672 0.070312 0.066406
0 0.189453 0.583984 0.050781 0.058594
0 0.697266 0.835938 0.105469 0.062500
0 0.521484 0.904297 0.050781 0.082031
0 0.558594 0.857422 0.054688 0.074219
0 0.542969 0.921875 0.054688 0.078125
