0 0.126482 0.466403 0.086957 0.094862
0 0.434783 0.958498 0.071146 0.083004
0 0.073123 0.213439 0.059289 0.110672
0 0.069170 0.120553 0.122530 0.090909
0 0.420949 0.883399 0.051383 0.090909
0 0.456522 0.926877 0.051383 0.090909
0 0.167984 0.027668 0.130435 0.047431
1 0.693676 0.774704 0.256917 0.142292
0 0.102767 0.227273 0.047431 0.106719
0 0.577075 0.367589 0.047431 0.094862
0 0.527668 0.424901 0.075099 0.090909
0 0.553360 0.448617 0.071146 0.083004
0 0.806324 0.660079 0.079051 0.071146
0 0.794466 0.620553 0.079051 0.071146
0 0.284585 0.865613 0.110672 0.071146
