0 0.226562 0.183594 0.093750 0.054688
0 0.166016 0.210938 0.082031 0.054688
0 0.876953 0.533203 0.105469 0.050781
0 0.634766 0.375000 0.128906 0.070312
0 0.302734 0.287109 0.128906 0.105469
0 0.203125 0.750000 0.125000 0.070312
0 0.685547 0.111328 0.113281 0.097656
0 0.667969 0.357422 0.109375 0.050781
0 0.818359 0.494141 0.097656 0.058594
0 0.947266 0.447266 0.097656 0.058594
0 0.734375 0.691406 0.078125 0.109375
0 0.062500 0.847656 0.101562 0.125000
0 0.039062 0.693359 0.062500 0.144531
0 0.023438 0.576172 0.039062 0.097656
0 0.662109 0.976562 0.113281 0.046875
