1 0.146484 0.384766 0.246094 0.128906
0 0.068359 0.500000 0.128906 0.054688
0 0.291016 0.615234 0.128906 0.066406
0 0.710938 0.490234 0.125000 0.113281
0 0.693359 0.328125 0.105469 0.085938
0 0.822266 0.099609 0.136719 0.082031
0 0.861328 0.208984 0.128906 0.074219
0 0.802734 0.878906 0.105469 0.062500
0 0.591797 0.705078 0.074219 0.066406
0 0.636719 0.765625 0.078125 0.070312
0 0.955078 0.390625 0.066406 0.093750
0 0.699219 0.283203 0.101562 0.082031
0 0.923828 0.947266 0.113281 0.058594
0 0.173828 0.708984 0.089844 0.058594
0 0.962891 0.968750 0.074219 0.046875
0 0.982422 0.382812 0.035156 0.078125
