0 0.085938 0.205078 0.164062 0.246094
1 0.097656 0.451172 0.085938 0.066406
1 0.146484 0.509766 0.082031 0.074219
1 0.800781 0.632812 0.109375 0.093750
1 0.787109 0.658203 0.097656 0.082031
0 0.550781 0.421875 0.148438 0.226562
1 0.265625 0.886719 0.101562 0.046875
1 0.150391 0.021484 0.121094 0.035156
1 0.181641 0.037109 0.121094 0.042969
1 0.316406 0.859375 0.101562 0.054688
0 0.425781 0.916016 0.109375 0.167969
0 0.683594 0.796875 0.281250 0.187500
1 0.945312 0.169922 0.093750 0.058594
1 0.943359 0.214844 0.089844 0.085938
