0 0.105263 0.301435 0.105263 0.076555
0 0.066986 0.320574 0.114833 0.057416
0 0.050239 0.569378 0.090909 0.047847
0 0.071770 0.600478 0.114833 0.052632
0 0.318182 0.528708 0.090909 0.052632
0 0.366029 0.483254 0.081340 0.057416
0 0.449761 0.282297 0.086124 0.057416
0 0.521531 0.442584 0.095694 0.071770
0 0.514354 0.291866 0.090909 0.066986
0 0.660287 0.684211 0.095694 0.095694
0 0.538278 0.923445 0.081340 0.076555
0 0.552632 0.870813 0.090909 0.076555
0 0.748804 0.882775 0.071770 0.129187
0 0.648325 0.980861 0.119617 0.038278
1 0.806220 0.232057 0.167464 0.253589
