<<<<<<< HEAD
0 0.345703 0.404297 0.128906 0.082031
0 0.494141 0.509766 0.128906 0.082031
0 0.744141 0.333984 0.082031 0.105469
0 0.818359 0.357422 0.082031 0.105469
0 0.488281 0.097656 0.117188 0.054688
0 0.546875 0.066406 0.117188 0.054688
0 0.843750 0.500000 0.117188 0.054688
0 0.683594 0.951172 0.125000 0.066406
0 0.847656 0.964844 0.148438 0.070312
0 0.187500 0.527344 0.101562 0.085938
0 0.242188 0.531250 0.101562 0.085938
0 0.937500 0.197266 0.109375 0.097656
=======
0 0.191406 0.529297 0.078125 0.074219
0 0.240234 0.537109 0.074219 0.066406
0 0.343750 0.404297 0.125000 0.058594
0 0.500000 0.521484 0.125000 0.058594
0 0.847656 0.500000 0.117188 0.054688
0 0.751953 0.335938 0.082031 0.085938
0 0.806641 0.353516 0.074219 0.082031
0 0.943359 0.197266 0.097656 0.066406
0 0.548828 0.076172 0.089844 0.050781
0 0.490234 0.091797 0.105469 0.050781
0 0.685547 0.953125 0.105469 0.070312
0 0.851562 0.964844 0.140625 0.054688
0 0.123047 0.025391 0.136719 0.042969
>>>>>>> c4385e5f07e41f4225d1e04b2fa63305290a4b88
