0 0.412195 0.429268 0.092683 0.058537
1 0.665854 0.073171 0.200000 0.136585
0 0.439024 0.526829 0.087805 0.068293
0 0.804878 0.446341 0.126829 0.082927
0 0.202439 0.604878 0.082927 0.078049
0 0.526829 0.526829 0.087805 0.078049
0 0.136585 0.626829 0.078049 0.063415
0 0.256098 0.407317 0.131707 0.092683
0 0.487805 0.412195 0.117073 0.102439
0 0.860976 0.695122 0.092683 0.063415
0 0.131707 0.521951 0.107317 0.107317
0 0.775610 0.714634 0.107317 0.063415
0 0.034146 0.778049 0.058537 0.092683
0 0.068293 0.895122 0.078049 0.112195
0 0.073171 0.960976 0.097561 0.078049
0 0.021951 0.924390 0.034146 0.131707
