0 0.124390 0.460976 0.092683 0.102439
0 0.675610 0.307317 0.112195 0.058537
0 0.309756 0.751220 0.073171 0.058537
0 0.804878 0.814634 0.087805 0.068293
0 0.685366 0.873171 0.063415 0.087805
0 0.539024 0.446341 0.112195 0.063415
1 0.824390 0.068293 0.302439 0.126829
0 0.200000 0.529268 0.087805 0.082927
0 0.621951 0.453659 0.073171 0.058537
0 0.778049 0.329268 0.112195 0.053659
0 0.895122 0.812195 0.082927 0.063415
0 0.700000 0.943902 0.043902 0.073171
0 0.736585 0.963415 0.048780 0.073171
0 0.375610 0.782927 0.078049 0.063415
