1 0.488764 0.196629 0.198502 0.153558
0 0.247191 0.245318 0.157303 0.048689
0 0.222846 0.370787 0.093633 0.067416
0 0.144195 0.372659 0.093633 0.048689
0 0.378277 0.481273 0.097378 0.056180
0 0.408240 0.516854 0.097378 0.044944
0 0.846442 0.404494 0.112360 0.052434
0 0.599251 0.737828 0.112360 0.044944
0 0.573034 0.709738 0.134831 0.041199
0 0.883895 0.895131 0.097378 0.044944
0 0.840824 0.925094 0.101124 0.044944
0 0.558052 0.056180 0.127341 0.044944
0 0.522472 0.024345 0.123596 0.041199
0 0.082397 0.462547 0.104869 0.093633
0 0.039326 0.462547 0.071161 0.086142
1 0.275281 0.711610 0.325843 0.269663
1 0.136704 0.926966 0.146067 0.131086
1 0.872659 0.589888 0.254682 0.086142
0 0.981273 0.971910 0.037453 0.056180
2 0.378277 0.059925 0.157303 0.082397
2 0.352060 0.076779 0.149813 0.093633
