<<<<<<< HEAD
1 0.595703 0.525391 0.160156 0.152344
0 0.322266 0.740234 0.097656 0.082031
0 0.380859 0.748047 0.097656 0.082031
0 0.224609 0.880859 0.097656 0.082031
0 0.302734 0.876953 0.097656 0.082031
0 0.126953 0.283203 0.097656 0.082031
0 0.201172 0.302734 0.097656 0.082031
0 0.410156 0.376953 0.132812 0.089844
0 0.800781 0.228516 0.093750 0.136719
0 0.109375 0.111328 0.117188 0.058594
0 0.183594 0.095703 0.117188 0.058594
0 0.064453 0.582031 0.105469 0.078125
=======
0 0.417969 0.382812 0.125000 0.054688
0 0.800781 0.226562 0.062500 0.109375
1 0.591797 0.531250 0.160156 0.125000
0 0.064453 0.583984 0.089844 0.066406
0 0.132812 0.107422 0.148438 0.074219
0 0.167969 0.298828 0.156250 0.074219
0 0.355469 0.748047 0.140625 0.082031
0 0.261719 0.878906 0.140625 0.046875
>>>>>>> c4385e5f07e41f4225d1e04b2fa63305290a4b88
