0 0.142578 0.289062 0.121094 0.054688
0 0.203125 0.320312 0.125000 0.046875
0 0.119141 0.123047 0.121094 0.050781
0 0.162109 0.095703 0.105469 0.050781
0 0.373047 0.386719 0.089844 0.054688
0 0.082031 0.583984 0.117188 0.082031
0 0.332031 0.738281 0.101562 0.046875
0 0.378906 0.765625 0.101562 0.046875
0 0.248047 0.876953 0.089844 0.066406
0 0.283203 0.894531 0.097656 0.070312
0 0.794922 0.236328 0.082031 0.128906
1 0.593750 0.533203 0.164062 0.136719
0 0.019531 0.601562 0.031250 0.054688
0 0.453125 0.394531 0.085938 0.054688
1 0.960938 0.056641 0.078125 0.105469
0 0.009766 0.187500 0.011719 0.039062
