1 0.146127 0.385563 0.242958 0.130282
0 0.029930 0.494718 0.052817 0.045775
0 0.290493 0.614437 0.130282 0.066901
0 0.711268 0.489437 0.126761 0.112676
0 0.693662 0.327465 0.105634 0.084507
0 0.822183 0.100352 0.137324 0.080986
0 0.860915 0.209507 0.130282 0.073944
0 0.802817 0.880282 0.105634 0.063380
0 0.593310 0.705986 0.073944 0.066901
0 0.637324 0.764085 0.077465 0.070423
0 0.955986 0.390845 0.066901 0.091549
0 0.698944 0.283451 0.102113 0.080986
0 0.922535 0.947183 0.112676 0.056338
0 0.963028 0.973592 0.073944 0.052817
0 0.174296 0.711268 0.073944 0.049296
0 0.089789 0.501761 0.080986 0.052817
