1 0.490234 0.617188 0.371094 0.304688
1 0.734375 0.220703 0.156250 0.121094
1 0.400391 0.144531 0.160156 0.140625
1 0.896484 0.939453 0.183594 0.105469
0 0.328125 0.207031 0.109375 0.093750
0 0.267578 0.208984 0.105469 0.089844
0 0.488281 0.289062 0.093750 0.085938
0 0.593750 0.175781 0.093750 0.101562
0 0.919922 0.193359 0.082031 0.050781
0 0.939453 0.148438 0.089844 0.054688
0 0.892578 0.781250 0.105469 0.109375
0 0.638672 0.958984 0.058594 0.082031
2 0.869141 0.800781 0.121094 0.109375
0 0.982422 0.480469 0.035156 0.039062
