1 0.597656 0.056641 0.218750 0.105469
0 0.414062 0.083984 0.101562 0.058594
0 0.318359 0.087891 0.105469 0.050781
0 0.316406 0.208984 0.109375 0.074219
0 0.279297 0.224609 0.113281 0.066406
0 0.505859 0.328125 0.113281 0.054688
0 0.511719 0.357422 0.117188 0.050781
1 0.388672 0.550781 0.332031 0.289062
2 0.699219 0.546875 0.187500 0.046875
1 0.246094 0.767578 0.171875 0.128906
1 0.183594 0.302734 0.132812 0.121094
1 0.935547 0.441406 0.128906 0.093750
1 0.941406 0.255859 0.117188 0.082031
0 0.964844 0.734375 0.070312 0.046875
0 0.949219 0.765625 0.101562 0.046875
0 0.125000 0.791016 0.023438 0.050781
2 0.703125 0.576172 0.164062 0.042969
