1 0.509766 0.193359 0.199219 0.152344
0 0.746094 0.242188 0.156250 0.046875
0 0.773438 0.371094 0.093750 0.070312
0 0.847656 0.373047 0.093750 0.050781
0 0.615234 0.476562 0.097656 0.054688
0 0.583984 0.513672 0.097656 0.042969
0 0.150391 0.404297 0.113281 0.050781
0 0.396484 0.734375 0.113281 0.046875
0 0.419922 0.705078 0.136719 0.042969
0 0.111328 0.896484 0.097656 0.042969
0 0.152344 0.921875 0.101562 0.046875
0 0.437500 0.056641 0.125000 0.042969
0 0.466797 0.025391 0.121094 0.042969
0 0.914062 0.464844 0.101562 0.093750
0 0.957031 0.460938 0.078125 0.085938
1 0.716797 0.708984 0.324219 0.269531
1 0.859375 0.927734 0.140625 0.121094
1 0.121094 0.583984 0.234375 0.097656
0 0.015625 0.974609 0.023438 0.050781
2 0.648438 0.078125 0.164062 0.085938
2 0.617188 0.062500 0.164062 0.085938
