0 0.085417 0.206250 0.162500 0.245833
1 0.097917 0.450000 0.087500 0.066667
1 0.145833 0.508333 0.083333 0.075000
1 0.800000 0.633333 0.108333 0.091667
1 0.787500 0.658333 0.100000 0.083333
0 0.550000 0.420833 0.150000 0.225000
1 0.266667 0.885417 0.100000 0.045833
1 0.152083 0.020833 0.120833 0.033333
1 0.181250 0.037500 0.120833 0.041667
1 0.316667 0.860417 0.100000 0.054167
0 0.425000 0.916667 0.108333 0.166667
0 0.683333 0.797917 0.283333 0.187500
1 0.945833 0.170833 0.091667 0.058333
1 0.943750 0.214583 0.087500 0.087500
