0 0.089844 0.468750 0.093750 0.101562
0 0.082031 0.500000 0.093750 0.101562
0 0.220703 0.472656 0.082031 0.117188
0 0.216797 0.527344 0.089844 0.125000
0 0.335938 0.882812 0.101562 0.054688
0 0.361328 0.912109 0.113281 0.058594
0 0.812500 0.539062 0.156250 0.085938
0 0.478516 0.658203 0.082031 0.074219
0 0.511719 0.718750 0.140625 0.101562
0 0.558594 0.701172 0.101562 0.097656
0 0.738281 0.750000 0.109375 0.101562
0 0.779297 0.746094 0.097656 0.101562
0 0.787109 0.855469 0.097656 0.070312
0 0.515625 0.126953 0.085938 0.082031
0 0.445312 0.076172 0.085938 0.089844
