0 0.285156 0.162109 0.093750 0.074219
0 0.347656 0.185547 0.093750 0.074219
0 0.402344 0.115234 0.109375 0.097656
0 0.433594 0.095703 0.109375 0.097656
0 0.513672 0.257812 0.074219 0.085938
0 0.603516 0.132812 0.074219 0.085938
0 0.521484 0.468750 0.128906 0.062500
0 0.400391 0.535156 0.082031 0.078125
0 0.357422 0.589844 0.082031 0.046875
0 0.419922 0.597656 0.082031 0.046875
0 0.468750 0.632812 0.132812 0.078125
0 0.599609 0.687500 0.121094 0.078125
0 0.876953 0.767578 0.089844 0.089844
0 0.919922 0.755859 0.089844 0.089844
0 0.951172 0.138672 0.089844 0.089844
1 0.746094 0.187500 0.132812 0.132812
1 0.902344 0.912109 0.164062 0.113281
