1 0.878906 0.082031 0.242188 0.156250
0 0.763672 0.310547 0.074219 0.058594
0 0.863281 0.703125 0.070312 0.054688
1 0.476562 0.050781 0.218750 0.093750
0 0.150391 0.041016 0.066406 0.074219
0 0.324219 0.429688 0.070312 0.070312
1 0.710938 0.843750 0.250000 0.226562
0 0.671875 0.416016 0.125000 0.058594
0 0.490234 0.673828 0.113281 0.074219
0 0.208984 0.767578 0.144531 0.082031
0 0.371094 0.476562 0.062500 0.070312
0 0.832031 0.320312 0.078125 0.054688
0 0.931641 0.712891 0.074219 0.050781
0 0.277344 0.947266 0.062500 0.019531
0 0.988281 0.412109 0.023438 0.050781
0 0.203125 0.017578 0.031250 0.027344
