0 0.134766 0.097656 0.082031 0.078125
0 0.128906 0.212891 0.156250 0.082031
0 0.037109 0.388672 0.066406 0.121094
0 0.255859 0.302734 0.074219 0.066406
0 0.191406 0.101562 0.093750 0.078125
0 0.726562 0.617188 0.085938 0.070312
0 0.664062 0.628906 0.085938 0.054688
0 0.371094 0.759766 0.109375 0.066406
0 0.193359 0.880859 0.136719 0.074219
0 0.273438 0.519531 0.101562 0.054688
0 0.302734 0.472656 0.097656 0.070312
0 0.050781 0.980469 0.093750 0.039062
0 0.066406 0.951172 0.125000 0.058594
0 0.380859 0.722656 0.097656 0.062500
1 0.863281 0.427734 0.273438 0.207031
0 0.320312 0.341797 0.078125 0.066406
0 0.296875 0.294922 0.117188 0.089844
