0 0.177734 0.216797 0.105469 0.050781
0 0.222656 0.189453 0.109375 0.050781
0 0.656250 0.099609 0.070312 0.074219
0 0.714844 0.134766 0.085938 0.058594
0 0.306641 0.287109 0.152344 0.113281
0 0.744141 0.699219 0.082031 0.125000
0 0.070312 0.851562 0.109375 0.140625
0 0.203125 0.757812 0.148438 0.070312
0 0.830078 0.500000 0.105469 0.046875
0 0.871094 0.535156 0.109375 0.046875
0 0.935547 0.460938 0.082031 0.046875
1 0.037109 0.652344 0.066406 0.218750
1 0.648438 0.373047 0.156250 0.097656
0 0.683594 0.982422 0.093750 0.035156
