1 0.179688 0.300781 0.351562 0.296875
0 0.177734 0.525391 0.066406 0.105469
0 0.132812 0.611328 0.093750 0.097656
0 0.226562 0.677734 0.109375 0.082031
0 0.218750 0.722656 0.109375 0.093750
0 0.423828 0.585938 0.097656 0.101562
0 0.451172 0.593750 0.097656 0.101562
1 0.228516 0.841797 0.082031 0.160156
1 0.529297 0.791016 0.222656 0.378906
2 0.716797 0.542969 0.121094 0.164062
1 0.625000 0.160156 0.125000 0.132812
1 0.785156 0.210938 0.164062 0.265625
0 0.644531 0.978516 0.085938 0.042969
2 0.755859 0.548828 0.097656 0.136719
