1 0.218750 0.562500 0.312500 0.273438
0 0.804688 0.421875 0.093750 0.085938
0 0.644531 0.058594 0.062500 0.109375
1 0.146484 0.968750 0.230469 0.062500
0 0.570312 0.789062 0.085938 0.062500
0 0.638672 0.818359 0.074219 0.058594
0 0.732422 0.855469 0.097656 0.054688
0 0.761719 0.808594 0.093750 0.054688
0 0.644531 0.425781 0.109375 0.062500
0 0.568359 0.386719 0.082031 0.062500
0 0.503906 0.380859 0.093750 0.074219
0 0.718750 0.277344 0.101562 0.054688
0 0.746094 0.316406 0.101562 0.054688
0 0.878906 0.478516 0.093750 0.042969
0 0.857422 0.511719 0.089844 0.046875
0 0.455078 0.039062 0.136719 0.054688
0 0.273438 0.119141 0.085938 0.042969
0 0.306641 0.154297 0.082031 0.042969
0 0.066406 0.113281 0.101562 0.054688
0 0.107422 0.158203 0.097656 0.058594
