1 0.212891 0.191406 0.128906 0.046875
1 0.193359 0.218750 0.128906 0.046875
1 0.287109 0.318359 0.128906 0.066406
1 0.322266 0.273438 0.128906 0.062500
1 0.664062 0.121094 0.078125 0.093750
1 0.705078 0.119141 0.082031 0.097656
1 0.591797 0.376953 0.105469 0.058594
1 0.683594 0.402344 0.132812 0.046875
1 0.662109 0.359375 0.152344 0.070312
1 0.742188 0.703125 0.101562 0.148438
1 0.845703 0.503906 0.144531 0.054688
1 0.863281 0.537109 0.148438 0.050781
1 0.947266 0.466797 0.097656 0.050781
1 0.144531 0.751953 0.109375 0.058594
1 0.087891 0.849609 0.152344 0.175781
1 0.035156 0.716797 0.062500 0.105469
1 0.234375 0.769531 0.101562 0.062500
1 0.041016 0.669922 0.074219 0.097656
