1 0.517578 0.189453 0.160156 0.121094
0 0.623047 0.597656 0.121094 0.046875
0 0.578125 0.507812 0.078125 0.062500
0 0.638672 0.472656 0.074219 0.062500
0 0.769531 0.625000 0.117188 0.085938
0 0.812500 0.367188 0.132812 0.062500
0 0.750000 0.240234 0.125000 0.050781
0 0.595703 0.054688 0.128906 0.078125
0 0.666016 0.062500 0.128906 0.078125
0 0.425781 0.042969 0.109375 0.062500
0 0.488281 0.033203 0.109375 0.058594
0 0.441406 0.701172 0.109375 0.050781
1 0.863281 0.927734 0.148438 0.121094
1 0.820312 0.759766 0.101562 0.152344
0 0.101562 0.892578 0.070312 0.050781
1 0.111328 0.587891 0.214844 0.089844
0 0.167969 0.402344 0.093750 0.046875
0 0.019531 0.970703 0.031250 0.058594
0 0.164062 0.917969 0.062500 0.062500
0 0.968750 0.466797 0.062500 0.074219
0 0.910156 0.451172 0.078125 0.074219
0 0.394531 0.734375 0.093750 0.039062
