0 0.202652 0.541667 0.102273 0.090909
0 0.236742 0.534091 0.102273 0.090909
0 0.465909 0.526515 0.106061 0.068182
0 0.545455 0.522727 0.106061 0.068182
0 0.306818 0.397727 0.106061 0.068182
0 0.378788 0.412879 0.106061 0.068182
0 0.757576 0.352273 0.113636 0.121212
0 0.803030 0.344697 0.113636 0.121212
0 0.806818 0.518939 0.106061 0.060606
0 0.871212 0.492424 0.106061 0.060606
0 0.681818 0.958333 0.151515 0.083333
0 0.803030 0.971591 0.128788 0.056818
0 0.873106 0.960227 0.125000 0.064394
0 0.104167 0.744318 0.125000 0.064394
1 0.517045 0.085227 0.170455 0.102273
0 0.939394 0.206439 0.121212 0.109848