0 0.460938 0.480469 0.062500 0.085938
0 0.501953 0.558594 0.058594 0.085938
0 0.755859 0.666016 0.082031 0.128906
0 0.941406 0.736328 0.070312 0.058594
0 0.630859 0.779297 0.066406 0.074219
0 0.679688 0.837891 0.062500 0.066406
0 0.320312 0.251953 0.054688 0.113281
0 0.341797 0.273438 0.058594 0.117188
0 0.511719 0.355469 0.078125 0.085938
0 0.500000 0.281250 0.078125 0.085938
1 0.869141 0.326172 0.105469 0.152344
0 0.042969 0.205078 0.062500 0.050781
0 0.183594 0.882812 0.117188 0.109375
0 0.976562 0.765625 0.046875 0.054688
0 0.794922 0.011719 0.050781 0.015625
0 0.087891 0.251953 0.082031 0.074219
0 0.216797 0.966797 0.058594 0.066406
0 0.773438 0.699219 0.070312 0.117188
0 0.638672 0.978516 0.066406 0.035156
0 0.574219 0.953125 0.085938 0.062500
