0 0.734323 0.689769 0.115512 0.052805
1 0.222772 0.561056 0.128713 0.165017
0 0.465347 0.521452 0.092409 0.072607
2 0.300330 0.432343 0.145215 0.085809
2 0.481848 0.437294 0.125413 0.089109
2 0.737624 0.462046 0.135314 0.046205
0 0.892739 0.490099 0.122112 0.069307
1 0.625413 0.115512 0.207921 0.224422
0 0.105611 0.049505 0.085809 0.052805
1 0.103960 0.719472 0.201320 0.442244
0 0.777228 0.665017 0.108911 0.049505
0 0.937294 0.506601 0.105611 0.075908
0 0.508251 0.534653 0.105611 0.066007
0 0.169967 0.074257 0.108911 0.049505
0 0.247525 0.968647 0.079208 0.062706
0 0.976898 0.094059 0.046205 0.062706
