0 0.115234 0.310547 0.074219 0.113281
0 0.503906 0.123047 0.093750 0.089844
0 0.355469 0.816406 0.062500 0.085938
0 0.404297 0.800781 0.058594 0.078125
0 0.746094 0.080078 0.117188 0.050781
0 0.755859 0.048828 0.113281 0.042969
0 0.951172 0.130859 0.058594 0.136719
0 0.849609 0.052734 0.089844 0.097656
1 0.230469 0.716797 0.156250 0.261719
0 0.859375 0.923828 0.078125 0.082031
1 0.080078 0.470703 0.152344 0.097656
1 0.597656 0.544922 0.179688 0.113281
0 0.601562 0.015625 0.085938 0.023438
0 0.019531 0.044922 0.031250 0.035156
