1 0.433594 0.599609 0.242188 0.113281
1 0.781250 0.412109 0.351562 0.277344
1 0.169922 0.568359 0.167969 0.144531
0 0.285156 0.699219 0.125000 0.054688
0 0.292969 0.734375 0.125000 0.046875
0 0.556641 0.943359 0.082031 0.074219
0 0.603516 0.957031 0.089844 0.062500
0 0.736328 0.820312 0.121094 0.046875
0 0.755859 0.855469 0.113281 0.046875
0 0.935547 0.798828 0.128906 0.050781
0 0.943359 0.835938 0.113281 0.046875
0 0.214844 0.208984 0.093750 0.066406
0 0.226562 0.175781 0.117188 0.078125
0 0.347656 0.185547 0.109375 0.042969
0 0.388672 0.218750 0.113281 0.046875
0 0.402344 0.945312 0.101562 0.109375
0 0.955078 0.039062 0.027344 0.039062
0 0.988281 0.542969 0.023438 0.046875
1 0.796875 0.025391 0.218750 0.042969
