0 0.257812 0.703125 0.101562 0.164062
0 0.132812 0.539062 0.132812 0.046875
0 0.148438 0.505859 0.132812 0.050781
0 0.314453 0.402344 0.121094 0.046875
0 0.398438 0.376953 0.093750 0.050781
0 0.324219 0.359375 0.148438 0.070312
0 0.289062 0.121094 0.078125 0.109375
0 0.330078 0.119141 0.074219 0.097656
0 0.671875 0.273438 0.132812 0.062500
0 0.701172 0.316406 0.128906 0.070312
0 0.050781 0.464844 0.093750 0.054688
0 0.783203 0.189453 0.136719 0.050781
0 0.806641 0.222656 0.136719 0.046875
1 0.843750 0.826172 0.273438 0.214844
