<<<<<<< HEAD
1 0.539062 0.414062 0.140625 0.187500
0 0.376953 0.570312 0.066406 0.148438
0 0.289062 0.775391 0.070312 0.105469
0 0.261719 0.845703 0.070312 0.105469
0 0.089844 0.869141 0.070312 0.105469
0 0.078125 0.794922 0.070312 0.105469
0 0.722656 0.681641 0.070312 0.105469
0 0.753906 0.626953 0.070312 0.105469
0 0.863281 0.724609 0.062500 0.082031
0 0.867188 0.794922 0.062500 0.082031
0 0.246094 0.177734 0.117188 0.082031
=======
0 0.376953 0.570312 0.050781 0.125000
0 0.250000 0.183594 0.093750 0.062500
0 0.554688 0.935547 0.062500 0.097656
1 0.537109 0.414062 0.121094 0.156250
0 0.078125 0.832031 0.070312 0.156250
0 0.275391 0.814453 0.089844 0.167969
0 0.736328 0.660156 0.082031 0.148438
0 0.863281 0.763672 0.062500 0.152344
>>>>>>> c4385e5f07e41f4225d1e04b2fa63305290a4b88
