<<<<<<< HEAD
1 0.583984 0.580078 0.402344 0.300781
1 0.531250 0.132812 0.148438 0.140625
1 0.212891 0.255859 0.191406 0.105469
0 0.195312 0.351562 0.125000 0.070312
0 0.144531 0.382812 0.125000 0.070312
0 0.376953 0.322266 0.058594 0.121094
0 0.392578 0.181641 0.128906 0.074219
=======
1 0.535156 0.142578 0.148438 0.144531
1 0.585938 0.583984 0.367188 0.277344
1 0.218750 0.255859 0.179688 0.074219
0 0.195312 0.355469 0.117188 0.039062
0 0.152344 0.386719 0.117188 0.039062
0 0.373047 0.330078 0.058594 0.113281
0 0.390625 0.181641 0.117188 0.066406
>>>>>>> c4385e5f07e41f4225d1e04b2fa63305290a4b88
