0 0.808594 0.720703 0.109375 0.058594
0 0.113281 0.775391 0.101562 0.074219
0 0.392578 0.681641 0.089844 0.074219
0 0.242188 0.453125 0.078125 0.085938
0 0.574219 0.421875 0.101562 0.054688
0 0.320312 0.064453 0.085938 0.074219
0 0.708984 0.326172 0.113281 0.050781
1 0.802734 0.078125 0.261719 0.132812
0 0.908203 0.425781 0.082031 0.054688
0 0.527344 0.929688 0.085938 0.054688
0 0.599609 0.921875 0.082031 0.046875
0 0.203125 0.974609 0.070312 0.050781
0 0.984375 0.632812 0.023438 0.054688
0 0.035156 0.050781 0.062500 0.070312
0 0.113281 0.017578 0.046875 0.027344
0 0.396484 0.035156 0.113281 0.062500
0 0.423828 0.023438 0.058594 0.039062
0 0.968750 0.437500 0.039062 0.054688
1 0.685547 0.832031 0.074219 0.164062
