0 0.208984 0.527344 0.121094 0.046875
2 0.224609 0.427734 0.128906 0.097656
2 0.062500 0.556641 0.117188 0.089844
0 0.044922 0.300781 0.082031 0.062500
0 0.082031 0.173828 0.125000 0.050781
0 0.230469 0.015625 0.101562 0.023438
0 0.167969 0.021484 0.117188 0.035156
0 0.392578 0.626953 0.113281 0.058594
1 0.035156 0.693359 0.062500 0.144531
1 0.720703 0.505859 0.214844 0.097656
0 0.660156 0.332031 0.093750 0.046875
0 0.816406 0.894531 0.039062 0.062500
0 0.437500 0.666016 0.101562 0.035156
2 0.310547 0.130859 0.167969 0.097656
2 0.322266 0.103516 0.144531 0.089844
2 0.697266 0.839844 0.128906 0.078125
0 0.021484 0.869141 0.035156 0.082031
