0 0.103516 0.300781 0.105469 0.078125
0 0.066406 0.320312 0.117188 0.054688
0 0.318359 0.529297 0.089844 0.050781
0 0.365234 0.482422 0.082031 0.058594
0 0.449219 0.283203 0.085938 0.058594
0 0.521484 0.441406 0.097656 0.070312
0 0.513672 0.291016 0.089844 0.066406
0 0.660156 0.683594 0.093750 0.093750
0 0.537109 0.923828 0.082031 0.074219
0 0.552734 0.871094 0.089844 0.078125
0 0.750000 0.882812 0.070312 0.132812
0 0.648438 0.980469 0.117188 0.039062
1 0.806641 0.232422 0.167969 0.253906
0 0.982422 0.443359 0.035156 0.042969
1 0.070312 0.583984 0.132812 0.097656
0 0.275391 0.990234 0.074219 0.019531
