0 0.165854 0.648780 0.136585 0.107317
0 0.351220 0.614634 0.136585 0.068293
0 0.368293 0.487805 0.131707 0.117073
0 0.109756 0.331707 0.141463 0.068293
0 0.187805 0.170732 0.141463 0.068293
0 0.573171 0.746341 0.121951 0.068293
0 0.653659 0.780488 0.087805 0.058537
1 0.482927 0.109756 0.156098 0.131707
1 0.102439 0.826829 0.136585 0.170732
0 0.024390 0.421951 0.039024 0.073171
0 0.953659 0.973171 0.092683 0.053659
0 0.039024 0.975610 0.068293 0.048780
0 0.912195 0.370732 0.087805 0.058537
0 0.968293 0.382927 0.063415 0.063415
