1 0.150391 0.500000 0.128906 0.046875
1 0.126953 0.535156 0.128906 0.046875
1 0.328125 0.357422 0.148438 0.066406
1 0.314453 0.404297 0.113281 0.042969
1 0.388672 0.375000 0.121094 0.054688
1 0.251953 0.705078 0.105469 0.152344
1 0.669922 0.273438 0.136719 0.062500
1 0.707031 0.316406 0.132812 0.062500
1 0.783203 0.191406 0.128906 0.039062
1 0.798828 0.220703 0.128906 0.042969
1 0.287109 0.119141 0.074219 0.105469
1 0.330078 0.117188 0.074219 0.085938
1 0.804688 0.757812 0.203125 0.070312
1 0.953125 0.664062 0.062500 0.101562
1 0.908203 0.843750 0.152344 0.171875
1 0.962891 0.716797 0.058594 0.105469
1 0.046875 0.464844 0.085938 0.054688
