0 0.267932 0.208861 0.105485 0.063291
0 0.204641 0.335443 0.105485 0.063291
0 0.073840 0.413502 0.113924 0.075949
0 0.248945 0.586498 0.101266 0.075949
0 0.392405 0.565401 0.101266 0.059072
0 0.409283 0.462025 0.092827 0.088608
0 0.506329 0.137131 0.101266 0.088608
0 0.497890 0.162447 0.101266 0.088608
0 0.592827 0.679325 0.139241 0.092827
0 0.217300 0.706751 0.071730 0.105485
0 0.187764 0.727848 0.088608 0.122363
0 0.158228 0.877637 0.088608 0.084388
0 0.147679 0.892405 0.109705 0.097046
0 0.877637 0.862869 0.109705 0.080169
0 0.871308 0.379747 0.122363 0.101266
0 0.341772 0.033755 0.084388 0.059072
0 0.417722 0.029536 0.092827 0.050633
