1 0.296875 0.691406 0.312500 0.265625
0 0.712891 0.185547 0.058594 0.097656
0 0.527344 0.169922 0.101562 0.050781
0 0.875000 0.550781 0.085938 0.078125
0 0.330078 0.253906 0.058594 0.046875
0 0.142578 0.248047 0.074219 0.050781
0 0.566406 0.503906 0.078125 0.054688
0 0.638672 0.513672 0.074219 0.050781
0 0.716797 0.556641 0.089844 0.066406
0 0.783203 0.408203 0.082031 0.050781
0 0.830078 0.449219 0.082031 0.054688
0 0.962891 0.605469 0.066406 0.054688
0 0.916016 0.638672 0.074219 0.050781
0 0.794922 0.974609 0.089844 0.050781
0 0.843750 0.933594 0.085938 0.062500
0 0.667969 0.929688 0.109375 0.078125
0 0.384766 0.281250 0.066406 0.054688
0 0.189453 0.291016 0.074219 0.066406
