1 0.289062 0.476562 0.203125 0.171875
1 0.144531 0.611328 0.117188 0.089844
0 0.621094 0.767578 0.109375 0.066406
0 0.767578 0.796875 0.105469 0.101562
0 0.224609 0.925781 0.105469 0.078125
0 0.101562 0.960938 0.109375 0.062500
0 0.544922 0.339844 0.121094 0.054688
0 0.664062 0.386719 0.093750 0.070312
0 0.755859 0.271484 0.113281 0.105469
0 0.822266 0.382812 0.082031 0.070312
0 0.878906 0.458984 0.101562 0.082031
0 0.304688 0.101562 0.101562 0.085938
0 0.113281 0.101562 0.109375 0.101562
0 0.664062 0.035156 0.062500 0.062500
0 0.478516 0.015625 0.097656 0.023438
0 0.023438 0.365234 0.039062 0.066406
0 0.019531 0.876953 0.031250 0.058594
0 0.800781 0.978516 0.093750 0.042969
0 0.107422 0.982422 0.089844 0.035156
