<<<<<<< HEAD
1 0.482213 0.602767 0.403162 0.343874
1 0.719368 0.221344 0.173913 0.150198
1 0.405138 0.140316 0.169960 0.154150
1 0.887352 0.938735 0.185771 0.122530
0 0.264822 0.203557 0.110672 0.098814
0 0.324111 0.195652 0.110672 0.098814
0 0.490119 0.286561 0.110672 0.098814
0 0.588933 0.166008 0.118577 0.118577
0 0.915020 0.195652 0.114625 0.059289
0 0.938735 0.148221 0.114625 0.059289
0 0.889328 0.772727 0.118577 0.098814
0 0.873518 0.794466 0.126482 0.110672
=======
0 0.276680 0.211462 0.094862 0.083004
0 0.326087 0.209486 0.106719 0.079051
1 0.401186 0.144269 0.162055 0.130435
1 0.480237 0.616601 0.359684 0.292490
0 0.494071 0.290514 0.094862 0.090909
0 0.588933 0.173913 0.094862 0.102767
1 0.731225 0.219368 0.158103 0.114625
1 0.877470 0.794466 0.134387 0.110672
1 0.891304 0.936759 0.177866 0.102767
0 0.918972 0.191700 0.083004 0.043478
0 0.940711 0.148221 0.086957 0.059289
>>>>>>> c4385e5f07e41f4225d1e04b2fa63305290a4b88
