0 0.328740 0.393701 0.090551 0.062992
0 0.513780 0.401575 0.114173 0.070866
0 0.222441 0.490157 0.082677 0.090551
0 0.251969 0.564961 0.118110 0.051181
0 0.765748 0.429134 0.098425 0.062992
0 0.161417 0.033465 0.110236 0.059055
0 0.250000 0.958661 0.059055 0.082677
2 0.769685 0.639764 0.129921 0.059055
2 0.931102 0.460630 0.122047 0.055118
2 0.124016 0.661417 0.082677 0.118110
0 0.061024 0.535433 0.066929 0.094488
2 0.498031 0.488189 0.114173 0.039370
0 0.092520 0.557087 0.043307 0.066929
0 0.681102 0.015748 0.110236 0.023622
0 0.990157 0.061024 0.019685 0.043307
1 0.153543 0.820866 0.118110 0.145669
1 0.645669 0.122047 0.157480 0.118110
