1 0.826172 0.210938 0.167969 0.250000
0 0.533203 0.421875 0.089844 0.062500
0 0.332031 0.498047 0.078125 0.066406
0 0.671875 0.662109 0.085938 0.089844
0 0.525391 0.263672 0.074219 0.050781
0 0.541016 0.900391 0.066406 0.082031
0 0.761719 0.859375 0.062500 0.117188
0 0.658203 0.957031 0.097656 0.054688
0 0.076172 0.300781 0.097656 0.046875
0 0.121094 0.275391 0.093750 0.089844
1 0.068359 0.558594 0.128906 0.085938
0 0.308594 0.974609 0.085938 0.050781
0 0.382812 0.462891 0.070312 0.066406
0 0.458984 0.255859 0.074219 0.058594
0 0.576172 0.837891 0.058594 0.074219
