0 0.238281 0.617188 0.109375 0.085938
0 0.375000 0.589844 0.101562 0.054688
0 0.390625 0.490234 0.101562 0.074219
0 0.191406 0.365234 0.117188 0.050781
0 0.250000 0.240234 0.117188 0.050781
0 0.324219 0.052734 0.085938 0.050781
0 0.410156 0.062500 0.093750 0.062500
0 0.039062 0.458984 0.070312 0.066406
0 0.095703 0.437500 0.066406 0.062500
0 0.146484 0.910156 0.089844 0.085938
0 0.488281 0.166016 0.117188 0.066406
0 0.865234 0.896484 0.113281 0.082031
0 0.556641 0.699219 0.082031 0.039062
0 0.513672 0.025391 0.074219 0.042969
0 0.578125 0.041016 0.078125 0.058594
0 0.617188 0.722656 0.085938 0.054688
0 0.982422 0.962891 0.035156 0.050781
0 0.886719 0.419922 0.078125 0.066406
0 0.826172 0.392578 0.082031 0.050781
1 0.890625 0.582031 0.218750 0.078125
2 0.125000 0.927734 0.109375 0.097656
2 0.474609 0.193359 0.128906 0.089844
0 0.160156 0.728516 0.046875 0.074219
0 0.189453 0.789062 0.050781 0.078125
0 0.201172 0.748047 0.074219 0.113281
