0 0.337891 0.101562 0.066406 0.078125
0 0.277344 0.134766 0.070312 0.074219
0 0.687500 0.291016 0.156250 0.113281
0 0.773438 0.189453 0.093750 0.050781
0 0.820312 0.216797 0.093750 0.050781
0 0.255859 0.699219 0.082031 0.117188
0 0.119141 0.537109 0.113281 0.050781
0 0.167969 0.500000 0.101562 0.054688
0 0.787109 0.755859 0.160156 0.074219
0 0.923828 0.851562 0.113281 0.140625
0 0.021484 0.443359 0.035156 0.050781
0 0.054688 0.458984 0.085938 0.058594
1 0.349609 0.376953 0.167969 0.089844
1 0.964844 0.658203 0.070312 0.214844
0 0.318359 0.980469 0.097656 0.039062
