<<<<<<< HEAD
1 0.542969 0.589844 0.375000 0.328125
1 0.789062 0.193359 0.179688 0.144531
1 0.464844 0.123047 0.179688 0.144531
0 0.566406 0.271484 0.125000 0.097656
0 0.339844 0.189453 0.125000 0.097656
0 0.390625 0.181641 0.125000 0.097656
0 0.656250 0.152344 0.101562 0.125000
0 0.931641 0.781250 0.128906 0.125000
=======
0 0.343750 0.193359 0.093750 0.082031
0 0.396484 0.191406 0.105469 0.078125
1 0.470703 0.123047 0.160156 0.128906
1 0.544922 0.601562 0.355469 0.289062
0 0.562500 0.267578 0.093750 0.089844
0 0.660156 0.156250 0.093750 0.101562
1 0.792969 0.201172 0.156250 0.113281
1 0.937500 0.779297 0.125000 0.113281
1 0.935547 0.916016 0.128906 0.089844
>>>>>>> c4385e5f07e41f4225d1e04b2fa63305290a4b88
