0 0.226562 0.626953 0.125000 0.089844
0 0.365234 0.595703 0.121094 0.058594
0 0.388672 0.494141 0.128906 0.097656
0 0.181641 0.367188 0.136719 0.054688
0 0.242188 0.242188 0.125000 0.046875
0 0.085938 0.453125 0.085938 0.070312
0 0.558594 0.703125 0.093750 0.039062
0 0.603516 0.730469 0.089844 0.039062
0 0.861328 0.904297 0.128906 0.074219
0 0.332031 0.062500 0.117188 0.070312
0 0.396484 0.060547 0.121094 0.066406
0 0.511719 0.025391 0.093750 0.042969
0 0.568359 0.050781 0.097656 0.039062
1 0.179688 0.761719 0.109375 0.148438
1 0.134766 0.925781 0.128906 0.117188
1 0.482422 0.191406 0.152344 0.117188
0 0.824219 0.398438 0.093750 0.054688