1 0.451172 0.781250 0.191406 0.375000
1 0.804688 0.951172 0.117188 0.097656
0 0.140625 0.199219 0.109375 0.078125
0 0.542969 0.181641 0.101562 0.089844
0 0.037109 0.734375 0.066406 0.085938
0 0.054688 0.367188 0.070312 0.132812
0 0.062500 0.570312 0.054688 0.085938
0 0.105469 0.546875 0.054688 0.085938
0 0.789062 0.537109 0.070312 0.066406
0 0.841797 0.490234 0.066406 0.074219
0 0.623047 0.134766 0.058594 0.082031
0 0.638672 0.169922 0.058594 0.082031
0 0.910156 0.410156 0.046875 0.101562
0 0.888672 0.369141 0.050781 0.089844
0 0.371094 0.210938 0.062500 0.101562
0 0.423828 0.201172 0.066406 0.089844
1 0.439453 0.390625 0.183594 0.195312
0 0.232422 0.921875 0.050781 0.039062
