<<<<<<< HEAD
1 0.595703 0.525391 0.160156 0.152344
0 0.322266 0.740234 0.097656 0.082031
0 0.380859 0.748047 0.097656 0.082031
0 0.224609 0.880859 0.097656 0.082031
0 0.302734 0.876953 0.097656 0.082031
0 0.126953 0.283203 0.097656 0.082031
0 0.201172 0.302734 0.097656 0.082031
0 0.410156 0.376953 0.132812 0.089844
0 0.800781 0.228516 0.093750 0.136719
0 0.109375 0.111328 0.117188 0.058594
0 0.183594 0.095703 0.117188 0.058594
0 0.064453 0.582031 0.105469 0.078125
=======
0 0.418000 0.384000 0.124000 0.056000
0 0.800000 0.226000 0.064000 0.108000
1 0.592000 0.530000 0.160000 0.124000
0 0.064000 0.584000 0.088000 0.064000
0 0.134000 0.108000 0.148000 0.072000
0 0.168000 0.298000 0.160000 0.076000
0 0.354000 0.748000 0.140000 0.080000
0 0.262000 0.880000 0.140000 0.048000
>>>>>>> c4385e5f07e41f4225d1e04b2fa63305290a4b88
