0 0.095703 0.175781 0.066406 0.078125
0 0.478516 0.234375 0.042969 0.117188
0 0.558594 0.226562 0.070312 0.085938
0 0.630859 0.341797 0.082031 0.089844
0 0.591797 0.519531 0.074219 0.085938
0 0.527344 0.767578 0.054688 0.105469
2 0.505859 0.498047 0.050781 0.113281
2 0.312500 0.738281 0.046875 0.132812
2 0.460938 0.927734 0.039062 0.128906
2 0.406250 0.099609 0.125000 0.066406
0 0.513672 0.080078 0.058594 0.050781
0 0.541016 0.064453 0.089844 0.074219
0 0.945312 0.781250 0.046875 0.070312
0 0.966797 0.716797 0.035156 0.058594
1 0.841797 0.703125 0.121094 0.156250
1 0.246094 0.097656 0.140625 0.109375
