0 0.448598 0.282710 0.102804 0.060748
0 0.497664 0.301402 0.116822 0.070093
0 0.509346 0.450935 0.093458 0.070093
0 0.320093 0.535047 0.098131 0.051402
0 0.352804 0.488318 0.107477 0.051402
0 0.654206 0.691589 0.112150 0.102804
0 0.539720 0.876168 0.098131 0.088785
0 0.528037 0.927570 0.093458 0.088785
0 0.740654 0.892523 0.070093 0.158879
0 0.640187 0.983645 0.140187 0.032710
1 0.065421 0.588785 0.121495 0.102804
1 0.794393 0.235981 0.158879 0.247664
1 0.079439 0.313084 0.149533 0.093458
0 0.974299 0.450935 0.051402 0.051402
0 0.254673 0.985981 0.060748 0.028037
