<<<<<<< HEAD
1 0.613281 0.636719 0.164062 0.148438
0 0.435547 0.490234 0.152344 0.074219
0 0.148438 0.394531 0.109375 0.070312
0 0.238281 0.414062 0.109375 0.070312
0 0.085938 0.691406 0.109375 0.070312
0 0.351562 0.843750 0.109375 0.070312
0 0.410156 0.863281 0.109375 0.070312
0 0.132812 0.222656 0.109375 0.070312
0 0.203125 0.203125 0.109375 0.070312
0 0.828125 0.335938 0.078125 0.132812
=======
0 0.443359 0.494141 0.121094 0.058594
0 0.158203 0.398438 0.089844 0.046875
0 0.236328 0.421875 0.089844 0.054688
0 0.123047 0.222656 0.089844 0.054688
0 0.347656 0.851562 0.078125 0.054688
0 0.416016 0.869141 0.074219 0.058594
0 0.824219 0.333984 0.062500 0.105469
1 0.613281 0.642578 0.156250 0.121094
0 0.089844 0.695312 0.085938 0.062500
0 0.199219 0.210938 0.078125 0.046875
>>>>>>> c4385e5f07e41f4225d1e04b2fa63305290a4b88
