2 0.650391 0.408203 0.128906 0.058594
0 0.753906 0.537109 0.070312 0.066406
0 0.804688 0.531250 0.070312 0.070312
2 0.494141 0.521484 0.136719 0.058594
0 0.154297 0.503906 0.121094 0.062500
0 0.060547 0.203125 0.105469 0.070312
0 0.447266 0.074219 0.113281 0.062500
0 0.501953 0.095703 0.105469 0.058594
0 0.189453 0.357422 0.074219 0.089844
0 0.255859 0.335938 0.074219 0.085938
2 0.142578 0.966797 0.152344 0.050781
0 0.310547 0.953125 0.113281 0.070312
2 0.871094 0.033203 0.148438 0.058594
0 0.039062 0.623047 0.070312 0.074219
2 0.939453 0.753906 0.121094 0.078125
0 0.984375 0.861328 0.031250 0.042969
