0 0.193359 0.353516 0.128906 0.074219
0 0.248047 0.232422 0.128906 0.074219
0 0.333984 0.052734 0.128906 0.074219
0 0.404297 0.052734 0.128906 0.074219
0 0.394531 0.486328 0.117188 0.097656
0 0.376953 0.583984 0.113281 0.074219
0 0.232422 0.617188 0.121094 0.085938
0 0.546875 0.693359 0.093750 0.074219
0 0.625000 0.708984 0.093750 0.074219
0 0.048828 0.462891 0.089844 0.074219
0 0.093750 0.435547 0.093750 0.074219
1 0.484375 0.179688 0.148438 0.132812
1 0.132812 0.921875 0.148438 0.132812
1 0.181641 0.753906 0.113281 0.148438
0 0.523438 0.031250 0.093750 0.054688
0 0.582031 0.041016 0.093750 0.058594
0 0.863281 0.894531 0.117188 0.093750
