1 0.816406 0.089844 0.148438 0.171875
0 0.533203 0.269531 0.089844 0.062500
0 0.326172 0.347656 0.066406 0.062500
0 0.667969 0.507812 0.078125 0.085938
0 0.457031 0.101562 0.070312 0.054688
0 0.539062 0.744141 0.062500 0.074219
0 0.757812 0.707031 0.062500 0.117188
0 0.654297 0.804688 0.097656 0.054688
0 0.070312 0.144531 0.109375 0.039062
0 0.117188 0.123047 0.093750 0.089844
1 0.066406 0.406250 0.125000 0.078125
0 0.304688 0.820312 0.078125 0.046875
0 0.574219 0.685547 0.062500 0.074219
0 0.380859 0.310547 0.074219 0.074219
0 0.517578 0.115234 0.074219 0.050781
