1 0.136719 0.431641 0.265625 0.214844
0 0.261719 0.615234 0.085938 0.074219
0 0.332031 0.626953 0.085938 0.066406
0 0.609375 0.720703 0.101562 0.066406
0 0.693359 0.474609 0.105469 0.074219
0 0.724609 0.515625 0.097656 0.062500
0 0.794922 0.876953 0.136719 0.082031
0 0.828125 0.224609 0.093750 0.058594
0 0.796875 0.103516 0.093750 0.082031
0 0.857422 0.093750 0.082031 0.085938
0 0.960938 0.390625 0.078125 0.117188
0 0.625000 0.757812 0.101562 0.062500
1 0.701172 0.318359 0.152344 0.128906
0 0.976562 0.414062 0.046875 0.070312
0 0.169922 0.716797 0.082031 0.050781
1 0.933594 0.962891 0.132812 0.074219
0 0.898438 0.201172 0.078125 0.058594
