0 0.226510 0.627517 0.124161 0.087248
0 0.365772 0.595638 0.120805 0.057047
0 0.389262 0.494966 0.127517 0.097315
0 0.182886 0.367450 0.137584 0.057047
0 0.243289 0.241611 0.124161 0.046980
0 0.085570 0.451342 0.083893 0.070470
0 0.558725 0.703020 0.097315 0.036913
0 0.602349 0.729866 0.090604 0.036913
0 0.860738 0.904362 0.130872 0.077181
0 0.330537 0.062081 0.117450 0.070470
0 0.395973 0.060403 0.120805 0.067114
0 0.513423 0.025168 0.093960 0.043624
0 0.568792 0.050336 0.097315 0.040268
1 0.179530 0.761745 0.110738 0.147651
1 0.134228 0.926174 0.127517 0.114094
1 0.481544 0.189597 0.151007 0.117450
0 0.825503 0.399329 0.093960 0.053691
