0 0.207317 0.653659 0.102439 0.078049
0 0.290244 0.658537 0.102439 0.078049
0 0.914634 0.158537 0.102439 0.073171
0 0.639024 0.778049 0.126829 0.092683
0 0.741463 0.465854 0.126829 0.092683
0 0.660976 0.829268 0.141463 0.078049
0 0.880488 0.968293 0.170732 0.063415
1 0.107317 0.351220 0.204878 0.136585
0 0.780488 0.524390 0.126829 0.073171
0 0.097561 0.770732 0.087805 0.058537
0 0.019512 0.507317 0.029268 0.058537
1 0.756098 0.270732 0.175610 0.160976
0 0.980488 0.143902 0.039024 0.063415
0 0.863415 0.031707 0.087805 0.053659
0 0.943902 0.026829 0.092683 0.043902
