0 0.308594 0.431641 0.109375 0.089844
0 0.494141 0.423828 0.105469 0.074219
0 0.742188 0.460938 0.101562 0.062500
0 0.208984 0.519531 0.089844 0.101562
0 0.140625 0.054688 0.132812 0.062500
1 0.048828 0.562500 0.089844 0.125000
1 0.107422 0.693359 0.097656 0.136719
1 0.134766 0.845703 0.144531 0.160156
1 0.757812 0.667969 0.156250 0.070312
1 0.234375 0.593750 0.125000 0.062500
1 0.492188 0.515625 0.156250 0.054688
1 0.912109 0.484375 0.160156 0.062500
1 0.632812 0.152344 0.171875 0.125000
1 0.656250 0.035156 0.148438 0.062500
