0 0.316406 0.517578 0.109375 0.089844
0 0.501953 0.517578 0.105469 0.074219
0 0.750000 0.539062 0.101562 0.062500
0 0.226562 0.601562 0.085938 0.093750
0 0.148438 0.144531 0.132812 0.062500
1 0.068359 0.656250 0.089844 0.132812
1 0.117188 0.773438 0.093750 0.140625
1 0.150391 0.919922 0.144531 0.160156
1 0.765625 0.753906 0.156250 0.070312
1 0.246094 0.679688 0.125000 0.062500
1 0.492188 0.605469 0.156250 0.054688
1 0.919922 0.574219 0.160156 0.062500
1 0.652344 0.234375 0.171875 0.125000
1 0.664062 0.123047 0.148438 0.066406
