1 0.355401 0.083624 0.264808 0.160279
1 0.766551 0.132404 0.348432 0.202091
1 0.590592 0.872822 0.254355 0.254355
1 0.071429 0.064460 0.135889 0.121951
0 0.224739 0.487805 0.135889 0.090592
0 0.229965 0.524390 0.132404 0.080139
0 0.067944 0.806620 0.108014 0.080139
0 0.106272 0.817073 0.108014 0.087108
0 0.515679 0.466899 0.125436 0.062718
0 0.590592 0.463415 0.114983 0.076655
0 0.665505 0.346690 0.132404 0.066202
0 0.691638 0.376307 0.142857 0.062718
0 0.344948 0.722997 0.090592 0.080139
0 0.391986 0.719512 0.087108 0.094077
0 0.764808 0.770035 0.128920 0.083624
0 0.790941 0.749129 0.132404 0.062718
1 0.914634 0.479094 0.170732 0.121951
