1 0.207843 0.568627 0.352941 0.266667
1 0.580392 0.405882 0.250980 0.121569
1 0.856863 0.460784 0.137255 0.168627
0 0.078431 0.119608 0.117647 0.058824
0 0.090196 0.156863 0.125490 0.070588
0 0.284314 0.125490 0.121569 0.047059
0 0.292157 0.152941 0.121569 0.054902
0 0.431373 0.037255 0.094118 0.066667
0 0.478431 0.050980 0.094118 0.062745
0 0.635294 0.060784 0.094118 0.113725
0 0.723529 0.278431 0.113725 0.062745
0 0.731373 0.313725 0.129412 0.062745
0 0.582353 0.784314 0.121569 0.047059
0 0.621569 0.821569 0.105882 0.043137
0 0.750980 0.809804 0.105882 0.058824
0 0.741176 0.845098 0.125490 0.066667
