1 0.289062 0.476562 0.203125 0.171875
1 0.144531 0.611328 0.117188 0.089844
0 0.621094 0.767578 0.109375 0.066406
0 0.748047 0.814453 0.066406 0.066406
0 0.224609 0.925781 0.105469 0.078125
0 0.111328 0.970703 0.121094 0.058594
0 0.544922 0.339844 0.121094 0.054688
0 0.664062 0.386719 0.093750 0.070312
0 0.734375 0.248047 0.070312 0.058594
0 0.822266 0.382812 0.082031 0.070312
0 0.878906 0.458984 0.101562 0.082031
0 0.304688 0.101562 0.101562 0.085938
0 0.113281 0.101562 0.109375 0.101562
0 0.476562 0.015625 0.085938 0.023438
0 0.667969 0.037109 0.054688 0.066406
0 0.792969 0.777344 0.054688 0.054688
0 0.785156 0.285156 0.054688 0.054688
0 0.804688 0.980469 0.085938 0.039062
0 0.021484 0.373047 0.035156 0.050781
0 0.017578 0.884766 0.027344 0.035156
