1 0.197266 0.230469 0.167969 0.250000
0 0.482422 0.291016 0.089844 0.058594
0 0.544922 0.279297 0.089844 0.042969
0 0.476562 0.445312 0.093750 0.062500
0 0.335938 0.683594 0.093750 0.093750
0 0.250000 0.880859 0.070312 0.136719
0 0.443359 0.869141 0.082031 0.074219
0 0.630859 0.486328 0.082031 0.066406
0 0.679688 0.527344 0.085938 0.054688
0 0.886719 0.302734 0.109375 0.082031
0 0.929688 0.322266 0.109375 0.050781
0 0.349609 0.978516 0.113281 0.042969
0 0.017578 0.441406 0.027344 0.062500
0 0.722656 0.984375 0.062500 0.031250
0 0.462891 0.919922 0.082031 0.074219
1 0.931641 0.583984 0.136719 0.089844
