0 0.228516 0.130859 0.347656 0.207031
1 0.408203 0.462891 0.097656 0.074219
1 0.767578 0.482422 0.121094 0.089844
1 0.234375 0.769531 0.117188 0.078125
1 0.205078 0.746094 0.121094 0.070312
0 0.888672 0.816406 0.113281 0.085938
1 0.927734 0.810547 0.105469 0.074219
1 0.654297 0.716797 0.074219 0.089844
1 0.605469 0.718750 0.085938 0.093750
0 0.642578 0.085938 0.261719 0.164062
1 0.763672 0.525391 0.121094 0.089844
1 0.480469 0.464844 0.117188 0.062500
1 0.310547 0.375000 0.144531 0.062500
1 0.335938 0.353516 0.140625 0.058594
0 0.404297 0.873047 0.230469 0.253906
0 0.087891 0.478516 0.167969 0.128906
0 0.925781 0.064453 0.140625 0.121094
1 0.027344 0.650391 0.046875 0.050781
1 0.042969 0.681641 0.078125 0.050781
1 0.031250 0.917969 0.054688 0.054688
1 0.021484 0.951172 0.035156 0.042969
