<<<<<<< HEAD
1 0.513672 0.609375 0.371094 0.320312
1 0.257812 0.212891 0.179688 0.160156
1 0.595703 0.138672 0.175781 0.152344
1 0.103516 0.941406 0.191406 0.117188
0 0.101562 0.781250 0.109375 0.101562
0 0.123047 0.800781 0.136719 0.109375
0 0.058594 0.152344 0.093750 0.078125
0 0.078125 0.183594 0.093750 0.078125
0 0.400391 0.173828 0.097656 0.121094
0 0.500000 0.289062 0.109375 0.132812
0 0.667969 0.212891 0.109375 0.089844
0 0.722656 0.212891 0.109375 0.089844
=======
1 0.513672 0.619141 0.347656 0.292969
1 0.105469 0.941406 0.171875 0.101562
1 0.121094 0.798828 0.132812 0.121094
1 0.269531 0.216797 0.164062 0.113281
1 0.593750 0.142578 0.164062 0.136719
0 0.054688 0.150391 0.085938 0.058594
0 0.080078 0.189453 0.082031 0.050781
0 0.406250 0.175781 0.093750 0.101562
0 0.500000 0.287109 0.093750 0.097656
0 0.667969 0.207031 0.101562 0.085938
0 0.720703 0.207031 0.097656 0.078125
>>>>>>> c4385e5f07e41f4225d1e04b2fa63305290a4b88
