0 0.512195 0.192683 0.097561 0.102439
0 0.380488 0.543902 0.087805 0.092683
0 0.465854 0.673171 0.151220 0.087805
0 0.636585 0.739024 0.131707 0.073171
0 0.526829 0.463415 0.156098 0.068293
0 0.629268 0.053659 0.087805 0.097561
0 0.385366 0.039024 0.126829 0.068293
0 0.431707 0.031707 0.121951 0.053659
0 0.953659 0.978049 0.092683 0.043902
0 0.960976 0.824390 0.078049 0.097561
0 0.980488 0.802439 0.039024 0.053659
1 0.807317 0.112195 0.151220 0.156098
2 0.363415 0.617073 0.170732 0.063415
2 0.270732 0.092683 0.200000 0.097561
