<<<<<<< HEAD
0 0.348780 0.356098 0.131707 0.078049
0 0.446341 0.356098 0.131707 0.078049
0 0.136585 0.278049 0.175610 0.087805
0 0.090244 0.229268 0.170732 0.087805
0 0.875610 0.170732 0.102439 0.165854
0 0.290244 0.800000 0.160976 0.078049
0 0.356098 0.843902 0.156098 0.078049
1 0.617073 0.543902 0.239024 0.209756
0 0.082927 0.036585 0.156098 0.063415
=======
0 0.390244 0.365854 0.214634 0.078049
0 0.873171 0.173171 0.097561 0.160976
0 0.292683 0.800000 0.146341 0.058537
0 0.356098 0.839024 0.146341 0.058537
0 0.070732 0.241463 0.131707 0.053659
0 0.131707 0.280488 0.165854 0.063415
1 0.619512 0.546341 0.214634 0.175610
>>>>>>> c4385e5f07e41f4225d1e04b2fa63305290a4b88
