0 0.228516 0.076172 0.082031 0.105469
0 0.451172 0.253906 0.058594 0.070312
0 0.457031 0.187500 0.062500 0.085938
0 0.591797 0.341797 0.058594 0.105469
0 0.488281 0.507812 0.054688 0.109375
0 0.662109 0.810547 0.066406 0.074219
0 0.697266 0.742188 0.066406 0.078125
0 0.529297 0.849609 0.066406 0.105469
0 0.068359 0.724609 0.066406 0.089844
0 0.066406 0.892578 0.054688 0.121094
0 0.933594 0.537109 0.054688 0.089844
0 0.914062 0.458984 0.054688 0.089844
0 0.841797 0.921875 0.066406 0.078125
0 0.419922 0.972656 0.074219 0.054688
0 0.955078 0.091797 0.058594 0.121094
0 0.111328 0.039062 0.050781 0.031250
