0 0.037383 0.327103 0.065421 0.056075
0 0.098131 0.336449 0.065421 0.056075
0 0.088785 0.303738 0.130841 0.074766
0 0.450935 0.278037 0.098131 0.042056
0 0.492991 0.301402 0.098131 0.060748
0 0.509346 0.450935 0.093458 0.070093
0 0.317757 0.532710 0.102804 0.046729
0 0.352804 0.488318 0.107477 0.051402
0 0.649533 0.686916 0.112150 0.102804
0 0.539720 0.876168 0.098131 0.088785
0 0.528037 0.927570 0.093458 0.088785
0 0.740654 0.892523 0.070093 0.158879
0 0.640187 0.983645 0.140187 0.032710
1 0.067757 0.593458 0.126168 0.102804
1 0.794393 0.235981 0.158879 0.247664
