0 0.134766 0.261719 0.105469 0.093750
0 0.267578 0.480469 0.082031 0.093750
0 0.197266 0.199219 0.121094 0.054688
0 0.750000 0.451172 0.101562 0.050781
0 0.691406 0.601562 0.078125 0.125000
0 0.482422 0.757812 0.058594 0.132812
0 0.265625 0.191406 0.101562 0.078125
0 0.341797 0.214844 0.089844 0.078125
0 0.957031 0.441406 0.078125 0.062500
0 0.943359 0.650391 0.074219 0.074219
0 0.794922 0.421875 0.097656 0.054688
0 0.115234 0.501953 0.066406 0.058594
0 0.564453 0.966797 0.082031 0.066406
0 0.964844 0.322266 0.070312 0.066406
