<<<<<<< HEAD
1 0.480469 0.613281 0.375000 0.328125
1 0.746094 0.208984 0.179688 0.144531
1 0.410156 0.134766 0.179688 0.144531
0 0.494141 0.281250 0.113281 0.093750
0 0.273438 0.208984 0.125000 0.097656
0 0.335938 0.197266 0.125000 0.097656
0 0.593750 0.171875 0.101562 0.125000
0 0.876953 0.787109 0.144531 0.128906
1 0.894531 0.929688 0.195312 0.132812
=======
0 0.273438 0.208984 0.093750 0.082031
0 0.322266 0.207031 0.105469 0.078125
1 0.396484 0.142578 0.160156 0.128906
1 0.474609 0.609375 0.355469 0.289062
0 0.488281 0.287109 0.093750 0.089844
0 0.582031 0.171875 0.093750 0.101562
1 0.722656 0.216797 0.156250 0.113281
1 0.867188 0.785156 0.132812 0.109375
1 0.880859 0.925781 0.175781 0.101562
0 0.908203 0.189453 0.082031 0.042969
0 0.929688 0.146484 0.085938 0.058594
>>>>>>> c4385e5f07e41f4225d1e04b2fa63305290a4b88
