1 0.741706 0.210900 0.156398 0.137441
1 0.485782 0.642180 0.355450 0.241706
1 0.407583 0.135071 0.142180 0.109005
1 0.888626 0.940758 0.175355 0.099526
0 0.874408 0.793839 0.099526 0.090047
0 0.277251 0.189573 0.099526 0.066351
0 0.336493 0.206161 0.085308 0.071090
0 0.497630 0.286730 0.094787 0.090047
2 0.502370 0.497630 0.151659 0.056872
0 0.590047 0.168246 0.080569 0.099526
0 0.898104 0.194313 0.090047 0.075829
0 0.954976 0.139810 0.071090 0.061611
0 0.895735 0.774882 0.085308 0.080569
0 0.635071 0.964455 0.056872 0.071090
