0 0.679688 0.587891 0.117188 0.042969
1 0.169922 0.468750 0.128906 0.164062
0 0.408203 0.421875 0.089844 0.062500
2 0.248047 0.337891 0.144531 0.089844
2 0.431641 0.339844 0.136719 0.085938
2 0.685547 0.365234 0.152344 0.050781
0 0.839844 0.388672 0.109375 0.074219
1 0.572266 0.066406 0.199219 0.125000
1 0.078125 0.626953 0.148438 0.441406
0 0.720703 0.568359 0.113281 0.050781
0 0.876953 0.408203 0.097656 0.074219
0 0.445312 0.433594 0.093750 0.078125
0 0.187500 0.871094 0.070312 0.062500
0 0.923828 0.011719 0.042969 0.015625
