0 0.136719 0.431641 0.265625 0.214844
1 0.697266 0.289062 0.105469 0.085938
1 0.671875 0.343750 0.078125 0.070312
1 0.732422 0.298828 0.082031 0.066406
1 0.261719 0.615234 0.085938 0.074219
1 0.332031 0.626953 0.085938 0.066406
1 0.609375 0.720703 0.101562 0.066406
1 0.693359 0.474609 0.105469 0.074219
1 0.724609 0.515625 0.097656 0.062500
1 0.794922 0.876953 0.136719 0.082031
1 0.859375 0.210938 0.156250 0.085938
1 0.796875 0.103516 0.093750 0.082031
1 0.861328 0.095703 0.089844 0.089844
1 0.960938 0.388672 0.078125 0.113281
1 0.947266 0.980469 0.105469 0.039062
1 0.931641 0.951172 0.136719 0.042969
1 0.625000 0.757812 0.101562 0.062500
