<<<<<<< HEAD
0 0.195312 0.539062 0.101562 0.109375
0 0.234375 0.531250 0.101562 0.109375
0 0.458984 0.527344 0.105469 0.070312
0 0.541016 0.519531 0.105469 0.070312
0 0.810547 0.511719 0.105469 0.070312
0 0.873047 0.500000 0.105469 0.070312
0 0.753906 0.351562 0.101562 0.125000
0 0.808594 0.347656 0.101562 0.125000
0 0.302734 0.398438 0.128906 0.062500
0 0.373047 0.414062 0.128906 0.062500
0 0.099609 0.746094 0.128906 0.062500
0 0.509766 0.101562 0.152344 0.070312
0 0.544922 0.074219 0.152344 0.070312
0 0.937500 0.199219 0.125000 0.117188
0 0.685547 0.947266 0.128906 0.089844
0 0.806641 0.972656 0.105469 0.054688
0 0.869141 0.960938 0.105469 0.054688
=======
0 0.199219 0.542969 0.085938 0.070312
0 0.230469 0.531250 0.085938 0.062500
0 0.312500 0.406250 0.085938 0.054688
0 0.373047 0.419922 0.097656 0.042969
0 0.509766 0.525391 0.160156 0.050781
0 0.761719 0.353516 0.109375 0.113281
0 0.798828 0.351562 0.097656 0.101562
0 0.841797 0.511719 0.152344 0.070312
0 0.685547 0.955078 0.128906 0.074219
0 0.802734 0.978516 0.097656 0.042969
0 0.871094 0.966797 0.117188 0.058594
0 0.125000 0.035156 0.187500 0.062500
0 0.939453 0.210938 0.121094 0.085938
0 0.066406 0.753906 0.125000 0.070312
1 0.519531 0.093750 0.171875 0.085938
>>>>>>> c4385e5f07e41f4225d1e04b2fa63305290a4b88
