1 0.693359 0.791016 0.285156 0.160156
0 0.121094 0.474609 0.109375 0.113281
0 0.582031 0.378906 0.070312 0.117188
0 0.529297 0.431641 0.082031 0.097656
0 0.546875 0.455078 0.085938 0.097656
0 0.800781 0.625000 0.085938 0.078125
0 0.800781 0.664062 0.085938 0.078125
0 0.287109 0.867188 0.128906 0.078125
0 0.406250 0.894531 0.070312 0.101562
0 0.429688 0.957031 0.078125 0.085938
0 0.457031 0.931641 0.078125 0.097656
1 0.082031 0.187500 0.148438 0.218750
0 0.140625 0.019531 0.109375 0.031250
0 0.191406 0.035156 0.093750 0.046875
