1 0.224390 0.760976 0.409756 0.341463
0 0.595122 0.756098 0.165854 0.058537
0 0.348780 0.480488 0.121951 0.063415
0 0.614634 0.790244 0.156098 0.048780
0 0.385366 0.524390 0.117073 0.063415
0 0.058537 0.341463 0.107317 0.058537
0 0.156098 0.339024 0.107317 0.082927
0 0.187805 0.187805 0.200000 0.063415
1 0.490244 0.119512 0.248780 0.190244
0 0.929268 0.382927 0.141463 0.063415
0 0.021951 0.434146 0.034146 0.068293
0 0.046341 0.980488 0.082927 0.039024
0 0.958537 0.985366 0.082927 0.029268
1 0.914634 0.626829 0.170732 0.082927
0 0.363415 0.017073 0.112195 0.024390
