1 0.814634 0.087805 0.351220 0.165854
0 0.524390 0.460976 0.160976 0.073171
0 0.617073 0.451220 0.131707 0.092683
0 0.309756 0.773171 0.102439 0.102439
0 0.363415 0.773171 0.102439 0.102439
1 0.317073 0.046341 0.341463 0.082927
1 0.692683 0.904878 0.156098 0.190244
0 0.956098 0.451220 0.087805 0.102439
0 0.041463 0.882927 0.073171 0.097561
1 0.846341 0.824390 0.190244 0.117073
1 0.721951 0.329268 0.214634 0.102439
1 0.160976 0.497561 0.185366 0.165854
0 0.017073 0.026829 0.024390 0.043902
0 0.980488 0.424390 0.039024 0.058537
