0 0.410156 0.287109 0.101562 0.058594
0 0.349609 0.408203 0.105469 0.058594
2 0.220703 0.500000 0.113281 0.078125
0 0.396484 0.664062 0.097656 0.070312
0 0.541016 0.642578 0.089844 0.050781
0 0.552734 0.539062 0.082031 0.070312
0 0.648438 0.218750 0.101562 0.085938
0 0.640625 0.240234 0.101562 0.089844
2 0.742188 0.751953 0.132812 0.082031
0 0.986328 0.957031 0.027344 0.054688
0 0.976562 0.445312 0.046875 0.062500
2 0.525391 0.105469 0.152344 0.054688
0 0.714844 0.091797 0.109375 0.035156
2 0.332031 0.806641 0.093750 0.128906
2 0.287109 0.964844 0.097656 0.070312
0 0.300781 0.953125 0.078125 0.070312
0 0.353516 0.789062 0.082031 0.093750
