1 0.775391 0.560547 0.128906 0.167969
1 0.896484 0.724609 0.207031 0.433594
0 0.666016 0.445312 0.082031 0.070312
0 0.478516 0.447266 0.074219 0.066406
0 0.496094 0.533203 0.093750 0.066406
0 0.226562 0.666016 0.117188 0.050781
0 0.058594 0.503906 0.093750 0.070312
0 0.222656 0.458984 0.085938 0.058594
1 0.373047 0.113281 0.207031 0.218750
0 0.830078 0.070312 0.089844 0.054688
0 0.892578 0.058594 0.089844 0.046875
0 0.107422 0.492188 0.113281 0.070312
0 0.298828 0.468750 0.074219 0.054688
0 0.542969 0.425781 0.070312 0.054688
0 0.734375 0.419922 0.078125 0.066406
0 0.529297 0.519531 0.089844 0.062500
0 0.255859 0.689453 0.121094 0.050781
