<<<<<<< HEAD
1 0.584000 0.518000 0.176000 0.148000
0 0.414000 0.372000 0.156000 0.080000
0 0.322000 0.736000 0.092000 0.080000
0 0.390000 0.756000 0.092000 0.080000
0 0.230000 0.880000 0.092000 0.080000
0 0.306000 0.872000 0.092000 0.080000
0 0.126000 0.276000 0.092000 0.080000
0 0.208000 0.308000 0.104000 0.080000
0 0.096000 0.108000 0.104000 0.080000
0 0.172000 0.092000 0.104000 0.080000
0 0.792000 0.222000 0.072000 0.108000
0 0.062000 0.582000 0.116000 0.092000
=======
0 0.418000 0.384000 0.124000 0.056000
0 0.800000 0.226000 0.064000 0.108000
1 0.592000 0.530000 0.160000 0.124000
0 0.064000 0.584000 0.088000 0.064000
0 0.134000 0.108000 0.148000 0.072000
0 0.168000 0.298000 0.160000 0.076000
0 0.354000 0.748000 0.140000 0.080000
0 0.262000 0.880000 0.140000 0.048000
>>>>>>> c4385e5f07e41f4225d1e04b2fa63305290a4b88
