0 0.501953 0.142578 0.128906 0.074219
0 0.498047 0.162109 0.128906 0.074219
0 0.734375 0.207031 0.101562 0.054688
0 0.792969 0.330078 0.093750 0.058594
2 0.921875 0.423828 0.117188 0.066406
0 0.603516 0.560547 0.082031 0.050781
0 0.744141 0.587891 0.089844 0.074219
0 0.587891 0.464844 0.097656 0.070312
2 0.400391 0.681641 0.128906 0.074219
0 0.121094 0.382812 0.117188 0.078125
0 0.113281 0.869141 0.101562 0.074219
0 0.044922 0.560547 0.082031 0.066406
0 0.433594 0.021484 0.125000 0.035156
2 0.613281 0.031250 0.156250 0.054688
0 0.617188 0.980469 0.101562 0.039062
2 0.810547 0.736328 0.074219 0.136719
2 0.851562 0.896484 0.101562 0.089844
0 0.839844 0.878906 0.085938 0.085938
0 0.783203 0.714844 0.066406 0.093750
