0 0.128906 0.203125 0.101562 0.070312
0 0.281250 0.275391 0.085938 0.066406
0 0.300781 0.326172 0.093750 0.082031
0 0.277344 0.484375 0.101562 0.101562
0 0.699219 0.609375 0.109375 0.062500
0 0.371094 0.734375 0.109375 0.117188
0 0.166016 0.091797 0.113281 0.074219
0 0.931641 0.490234 0.136719 0.058594
0 0.189453 0.871094 0.097656 0.070312
0 0.070312 0.945312 0.093750 0.054688
0 0.041016 0.390625 0.058594 0.085938
0 0.820312 0.708984 0.078125 0.042969
0 0.013672 0.369141 0.019531 0.066406
0 0.029297 0.964844 0.050781 0.054688
1 0.843750 0.380859 0.242188 0.121094
