1 0.595455 0.538636 0.190909 0.150000
0 0.381818 0.397727 0.118182 0.059091
0 0.431818 0.388636 0.118182 0.077273
0 0.795455 0.220455 0.081818 0.077273
0 0.790909 0.277273 0.072727 0.081818
1 0.961364 0.061364 0.077273 0.113636
0 0.043182 0.577273 0.077273 0.063636
2 0.070455 0.606818 0.131818 0.104545
2 0.161364 0.293182 0.159091 0.059091
2 0.179545 0.320455 0.159091 0.059091
2 0.134091 0.134091 0.159091 0.059091
2 0.150000 0.100000 0.136364 0.045455
2 0.347727 0.736364 0.159091 0.045455
2 0.370455 0.772727 0.159091 0.045455
2 0.254545 0.884091 0.127273 0.086364
2 0.268182 0.902273 0.127273 0.086364
