0 0.275391 0.277344 0.128906 0.078125
0 0.421875 0.126953 0.054688 0.113281
0 0.460938 0.162109 0.054688 0.113281
0 0.839844 0.240234 0.070312 0.074219
0 0.875000 0.292969 0.070312 0.070312
0 0.720703 0.664062 0.105469 0.171875
0 0.494141 0.050781 0.058594 0.085938
0 0.271484 0.812500 0.082031 0.148438
0 0.189453 0.945312 0.136719 0.101562
0 0.320312 0.974609 0.093750 0.050781
0 0.390625 0.970703 0.093750 0.058594
0 0.580078 0.310547 0.050781 0.097656
0 0.615234 0.376953 0.066406 0.082031
0 0.619141 0.310547 0.066406 0.113281
0 0.835938 0.738281 0.054688 0.101562
0 0.810547 0.783203 0.050781 0.097656
