1 0.365234 0.847656 0.183594 0.109375
0 0.201172 0.578125 0.097656 0.070312
0 0.226562 0.531250 0.101562 0.062500
0 0.380859 0.156250 0.113281 0.046875
0 0.394531 0.130859 0.085938 0.050781
0 0.433594 0.111328 0.085938 0.050781
0 0.632812 0.275391 0.078125 0.050781
0 0.564453 0.746094 0.082031 0.117188
0 0.917969 0.798828 0.085938 0.050781
0 0.904297 0.062500 0.105469 0.062500
0 0.701172 0.275391 0.074219 0.058594
0 0.798828 0.062500 0.082031 0.046875
0 0.857422 0.044922 0.058594 0.050781
0 0.919922 0.021484 0.058594 0.035156
0 0.966797 0.783203 0.066406 0.035156
