<<<<<<< HEAD
0 0.183594 0.363281 0.140625 0.070312
0 0.242188 0.234375 0.140625 0.070312
0 0.328125 0.062500 0.117188 0.078125
0 0.390625 0.054688 0.117188 0.078125
0 0.568359 0.048828 0.113281 0.058594
0 0.517578 0.031250 0.113281 0.054688
0 0.369141 0.595703 0.113281 0.058594
0 0.228516 0.623047 0.128906 0.089844
0 0.085938 0.449219 0.093750 0.085938
0 0.560547 0.699219 0.128906 0.078125
0 0.828125 0.398438 0.109375 0.078125
0 0.367188 0.474609 0.093750 0.074219
0 0.417969 0.513672 0.093750 0.074219
0 0.859375 0.900391 0.132812 0.097656
1 0.171875 0.751953 0.117188 0.160156
1 0.128906 0.921875 0.140625 0.125000
1 0.476562 0.187500 0.164062 0.140625
=======
0 0.226562 0.626953 0.125000 0.089844
0 0.365234 0.595703 0.121094 0.058594
0 0.388672 0.494141 0.128906 0.097656
0 0.181641 0.367188 0.136719 0.054688
0 0.242188 0.242188 0.125000 0.046875
0 0.085938 0.453125 0.085938 0.070312
0 0.558594 0.703125 0.093750 0.039062
0 0.603516 0.730469 0.089844 0.039062
0 0.861328 0.904297 0.128906 0.074219
0 0.332031 0.062500 0.117188 0.070312
0 0.396484 0.060547 0.121094 0.066406
0 0.511719 0.025391 0.093750 0.042969
0 0.568359 0.050781 0.097656 0.039062
1 0.179688 0.761719 0.109375 0.148438
1 0.134766 0.925781 0.128906 0.117188
1 0.482422 0.191406 0.152344 0.117188
0 0.824219 0.398438 0.093750 0.054688
>>>>>>> c4385e5f07e41f4225d1e04b2fa63305290a4b88
