0 0.359375 0.765625 0.046875 0.117188
0 0.585938 0.878906 0.085938 0.101562
2 0.580078 0.728516 0.066406 0.128906
1 0.896484 0.558594 0.207031 0.195312
0 0.466797 0.505859 0.074219 0.097656
2 0.556641 0.468750 0.058594 0.140625
2 0.527344 0.289062 0.078125 0.156250
1 0.384766 0.240234 0.152344 0.144531
1 0.210938 0.162109 0.406250 0.269531
0 0.851562 0.095703 0.062500 0.097656
0 0.585938 0.931641 0.078125 0.082031
0 0.394531 0.800781 0.054688 0.117188
0 0.478516 0.468750 0.074219 0.085938
0 0.867188 0.039062 0.062500 0.070312
0 0.984375 0.890625 0.031250 0.054688
0 0.013672 0.347656 0.019531 0.039062
