1 0.132812 0.287109 0.148438 0.066406
1 0.113281 0.326172 0.117188 0.050781
1 0.197266 0.308594 0.121094 0.054688
1 0.056641 0.634766 0.105469 0.152344
1 0.478516 0.207031 0.136719 0.062500
1 0.511719 0.250000 0.132812 0.062500
1 0.591797 0.125000 0.128906 0.039062
1 0.607422 0.154297 0.128906 0.042969
1 0.099609 0.054688 0.074219 0.101562
1 0.134766 0.052734 0.074219 0.089844
1 0.617188 0.691406 0.203125 0.070312
1 0.761719 0.601562 0.062500 0.101562
1 0.708984 0.777344 0.152344 0.171875
1 0.771484 0.646484 0.058594 0.105469
