0 0.515625 0.521484 0.148438 0.066406
0 0.244141 0.669922 0.144531 0.066406
0 0.765625 0.591797 0.117188 0.066406
0 0.861328 0.853516 0.128906 0.167969
0 0.898438 0.689453 0.085938 0.136719
0 0.943359 0.572266 0.089844 0.121094
0 0.089844 0.494141 0.164062 0.058594
0 0.363281 0.148438 0.164062 0.117188
0 0.347656 0.037109 0.148438 0.066406
1 0.865234 0.056641 0.144531 0.066406
1 0.511719 0.429688 0.093750 0.070312
1 0.251953 0.457031 0.113281 0.062500
1 0.691406 0.427734 0.117188 0.082031
1 0.792969 0.517578 0.078125 0.097656
