1 0.400391 0.541016 0.191406 0.152344
0 0.560547 0.386719 0.113281 0.078125
0 0.611328 0.398438 0.105469 0.062500
0 0.193359 0.218750 0.082031 0.078125
0 0.201172 0.271484 0.082031 0.089844
0 0.960938 0.583984 0.078125 0.066406
1 0.041016 0.058594 0.074219 0.109375
2 0.927734 0.603516 0.136719 0.113281
2 0.626953 0.773438 0.144531 0.039062
2 0.646484 0.742188 0.144531 0.039062
2 0.736328 0.882812 0.144531 0.078125
2 0.722656 0.906250 0.132812 0.078125
2 0.810547 0.326172 0.175781 0.050781
2 0.845703 0.294922 0.167969 0.050781
2 0.847656 0.101562 0.140625 0.046875
2 0.869141 0.128906 0.160156 0.046875
