1 0.072266 0.417969 0.136719 0.226562
0 0.416016 0.521484 0.082031 0.066406
0 0.513672 0.265625 0.066406 0.093750
0 0.615234 0.076172 0.113281 0.074219
0 0.783203 0.220703 0.074219 0.050781
0 0.605469 0.632812 0.062500 0.062500
0 0.300781 0.625000 0.070312 0.070312
0 0.759766 0.091797 0.082031 0.089844
0 0.554688 0.939453 0.046875 0.105469
0 0.597656 0.955078 0.078125 0.082031
1 0.824219 0.814453 0.109375 0.144531
0 0.724609 0.228516 0.074219 0.050781
0 0.546875 0.617188 0.078125 0.054688
0 0.333984 0.681641 0.066406 0.074219
