0 0.503906 0.607422 0.085938 0.128906
0 0.609375 0.605469 0.078125 0.109375
0 0.662109 0.736328 0.097656 0.121094
0 0.414062 0.826172 0.078125 0.128906
0 0.279297 0.791016 0.066406 0.113281
0 0.091797 0.744141 0.066406 0.113281
0 0.076172 0.669922 0.066406 0.113281
0 0.029297 0.570312 0.050781 0.078125
0 0.035156 0.496094 0.054688 0.078125
1 0.189453 0.562500 0.105469 0.140625
1 0.812500 0.771484 0.140625 0.121094
0 0.507812 0.912109 0.078125 0.074219
0 0.546875 0.958984 0.078125 0.074219
0 0.691406 0.416016 0.078125 0.074219
0 0.701172 0.347656 0.074219 0.093750
0 0.826172 0.074219 0.089844 0.101562
