<<<<<<< HEAD
1 0.485366 0.651220 0.453659 0.395122
1 0.787805 0.158537 0.209756 0.170732
1 0.378049 0.073171 0.200000 0.136585
0 0.214634 0.143902 0.136585 0.121951
0 0.292683 0.129268 0.136585 0.121951
0 0.487805 0.241463 0.146341 0.141463
0 0.617073 0.095122 0.121951 0.160976
=======
1 0.485366 0.651220 0.434146 0.365854
1 0.785366 0.153659 0.214634 0.141463
1 0.375610 0.070732 0.204878 0.131707
0 0.495122 0.241463 0.121951 0.121951
0 0.612195 0.092683 0.121951 0.126829
0 0.217073 0.141463 0.131707 0.107317
0 0.285366 0.136585 0.131707 0.097561
>>>>>>> c4385e5f07e41f4225d1e04b2fa63305290a4b88
