0 0.257576 0.702652 0.098485 0.162879
0 0.134470 0.539773 0.132576 0.049242
0 0.149621 0.505682 0.132576 0.049242
0 0.289773 0.121212 0.079545 0.106061
0 0.329545 0.119318 0.075758 0.094697
0 0.672348 0.272727 0.132576 0.060606
0 0.700758 0.316288 0.128788 0.071970
0 0.049242 0.473485 0.090909 0.053030
0 0.784091 0.189394 0.136364 0.053030
0 0.806818 0.223485 0.136364 0.045455
1 0.844697 0.825758 0.272727 0.212121
0 0.028409 0.437500 0.049242 0.049242
0 0.301136 0.986742 0.049242 0.026515
0 0.342803 0.984848 0.056818 0.030303
1 0.962121 0.662879 0.075758 0.212121
1 0.350379 0.375000 0.200758 0.106061
0 0.448864 0.013258 0.056818 0.018939
