0 0.126953 0.466797 0.089844 0.097656
0 0.433594 0.958984 0.070312 0.082031
0 0.072266 0.212891 0.058594 0.113281
0 0.068359 0.119141 0.121094 0.089844
0 0.419922 0.884766 0.050781 0.089844
0 0.455078 0.927734 0.050781 0.089844
0 0.167969 0.027344 0.132812 0.046875
1 0.693359 0.775391 0.253906 0.144531
0 0.101562 0.228516 0.046875 0.105469
0 0.578125 0.367188 0.046875 0.093750
0 0.527344 0.423828 0.078125 0.089844
0 0.554688 0.447266 0.070312 0.082031
0 0.806641 0.660156 0.082031 0.070312
0 0.794922 0.621094 0.082031 0.070312
0 0.285156 0.865234 0.109375 0.074219
