<<<<<<< HEAD
0 0.370732 0.495122 0.156098 0.131707
0 0.343902 0.621951 0.151220 0.082927
0 0.160976 0.653659 0.156098 0.117073
0 0.109756 0.331707 0.170732 0.087805
0 0.182927 0.175610 0.170732 0.087805
0 0.578049 0.756098 0.151220 0.087805
1 0.104878 0.824390 0.151220 0.175610
1 0.480488 0.117073 0.219512 0.165854
=======
0 0.107317 0.336585 0.156098 0.068293
0 0.185366 0.175610 0.146341 0.058537
0 0.360976 0.492683 0.156098 0.107317
0 0.341463 0.619512 0.146341 0.068293
0 0.160976 0.658537 0.146341 0.107317
0 0.575610 0.753659 0.136585 0.053659
0 0.631707 0.787805 0.121951 0.043902
1 0.097561 0.824390 0.126829 0.185366
1 0.480488 0.114634 0.190244 0.151220
0 0.914634 0.373171 0.112195 0.063415
>>>>>>> c4385e5f07e41f4225d1e04b2fa63305290a4b88
