1 0.845703 0.830078 0.175781 0.292969
0 0.542969 0.531250 0.054688 0.078125
0 0.632812 0.658203 0.046875 0.089844
0 0.220703 0.710938 0.058594 0.078125
1 0.939453 0.410156 0.121094 0.226562
0 0.482422 0.896484 0.082031 0.097656
0 0.511719 0.251953 0.078125 0.066406
1 0.308594 0.343750 0.085938 0.109375
1 0.115234 0.539062 0.222656 0.242188
0 0.253906 0.089844 0.062500 0.078125
0 0.615234 0.734375 0.042969 0.093750
0 0.486328 0.947266 0.082031 0.074219
0 0.218750 0.783203 0.070312 0.074219
0 0.531250 0.595703 0.062500 0.066406
0 0.570312 0.199219 0.085938 0.070312
0 0.246094 0.033203 0.046875 0.058594
0 0.275391 0.937500 0.050781 0.062500
0 0.029297 0.910156 0.050781 0.046875
1 0.976562 0.111328 0.046875 0.121094
0 0.056641 0.103516 0.019531 0.066406
