0 0.185547 0.361328 0.113281 0.058594
0 0.251953 0.234375 0.121094 0.054688
0 0.333984 0.052734 0.128906 0.074219
0 0.404297 0.052734 0.128906 0.074219
0 0.394531 0.486328 0.117188 0.097656
0 0.376953 0.583984 0.113281 0.074219
0 0.232422 0.617188 0.121094 0.085938
0 0.546875 0.693359 0.093750 0.074219
0 0.625000 0.708984 0.093750 0.074219
0 0.035156 0.464844 0.062500 0.070312
0 0.091797 0.437500 0.066406 0.062500
1 0.486328 0.183594 0.128906 0.117188
1 0.132812 0.921875 0.148438 0.132812
1 0.181641 0.753906 0.113281 0.148438
0 0.523438 0.031250 0.093750 0.054688
0 0.582031 0.041016 0.093750 0.058594
0 0.863281 0.894531 0.117188 0.093750
