0 0.323729 0.357627 0.111864 0.050847
0 0.323729 0.396610 0.091525 0.040678
0 0.384746 0.374576 0.091525 0.057627
0 0.337288 0.101695 0.064407 0.074576
0 0.276271 0.135593 0.071186 0.074576
0 0.688136 0.291525 0.155932 0.115254
0 0.772881 0.188136 0.094915 0.050847
0 0.820339 0.218644 0.094915 0.050847
0 0.255932 0.700000 0.084746 0.118644
0 0.118644 0.537288 0.115254 0.050847
0 0.167797 0.501695 0.105085 0.054237
0 0.054237 0.457627 0.081356 0.054237
0 0.788136 0.755932 0.159322 0.074576
0 0.923729 0.852542 0.111864 0.138983
0 0.957627 0.727119 0.057627 0.084746
0 0.962712 0.654237 0.067797 0.081356
