1 0.490234 0.197266 0.199219 0.152344
0 0.246094 0.246094 0.156250 0.046875
0 0.222656 0.371094 0.093750 0.070312
0 0.144531 0.373047 0.093750 0.050781
0 0.376953 0.480469 0.097656 0.054688
0 0.408203 0.517578 0.097656 0.042969
0 0.845703 0.404297 0.113281 0.050781
0 0.599609 0.738281 0.113281 0.046875
0 0.572266 0.708984 0.136719 0.042969
0 0.884766 0.894531 0.097656 0.046875
0 0.839844 0.925781 0.101562 0.046875
0 0.558594 0.056641 0.125000 0.042969
0 0.523438 0.025391 0.125000 0.042969
0 0.083984 0.460938 0.105469 0.093750
0 0.039062 0.460938 0.070312 0.085938
1 0.275391 0.712891 0.324219 0.269531
1 0.136719 0.927734 0.148438 0.128906
1 0.875000 0.589844 0.250000 0.085938
0 0.982422 0.970703 0.035156 0.058594
2 0.384766 0.060547 0.160156 0.089844
2 0.351562 0.074219 0.148438 0.085938
