1 0.223247 0.553506 0.313653 0.265683
0 0.649446 0.051661 0.059041 0.095941
0 0.461255 0.036900 0.103321 0.051661
0 0.808118 0.411439 0.088561 0.077491
0 0.267528 0.116236 0.062731 0.055351
0 0.075646 0.108856 0.077491 0.055351
0 0.501845 0.369004 0.073801 0.051661
0 0.571956 0.380074 0.081181 0.051661
0 0.645756 0.416974 0.088561 0.066421
0 0.715867 0.271218 0.081181 0.047970
0 0.760148 0.311808 0.081181 0.055351
0 0.894834 0.468635 0.070111 0.051661
0 0.843173 0.501845 0.070111 0.059041
0 0.725092 0.845018 0.084871 0.059041
0 0.769373 0.800738 0.084871 0.059041
0 0.599631 0.785978 0.121771 0.081181
0 0.228782 0.968635 0.066421 0.055351
0 0.132841 0.979705 0.066421 0.040590
0 0.177122 0.942804 0.051661 0.055351
0 0.064576 0.983395 0.070111 0.033210
0 0.119926 0.149446 0.070111 0.055351
0 0.319188 0.145756 0.070111 0.055351
