1 0.777344 0.566406 0.312500 0.281250
1 0.859375 0.960938 0.226562 0.078125
0 0.191406 0.425781 0.085938 0.109375
0 0.355469 0.058594 0.070312 0.101562
0 0.250000 0.318359 0.093750 0.074219
0 0.273438 0.273438 0.093750 0.062500
0 0.353516 0.425781 0.105469 0.062500
0 0.421875 0.380859 0.085938 0.066406
0 0.488281 0.382812 0.085938 0.062500
0 0.115234 0.478516 0.082031 0.035156
0 0.142578 0.513672 0.089844 0.050781
0 0.259766 0.849609 0.097656 0.058594
0 0.236328 0.806641 0.097656 0.058594
0 0.386719 0.800781 0.140625 0.085938
0 0.537109 0.042969 0.121094 0.054688
0 0.724609 0.115234 0.089844 0.042969
0 0.685547 0.156250 0.105469 0.046875
0 0.884766 0.158203 0.089844 0.050781
0 0.923828 0.115234 0.089844 0.050781
