0 0.332031 0.263672 0.101562 0.066406
0 0.375000 0.318359 0.101562 0.066406
0 0.480469 0.541016 0.140625 0.074219
0 0.666016 0.480469 0.136719 0.062500
0 0.650391 0.511719 0.128906 0.062500
0 0.490234 0.107422 0.113281 0.097656
0 0.482422 0.076172 0.113281 0.097656
1 0.347656 0.085938 0.210938 0.164062
1 0.185547 0.736328 0.167969 0.261719
1 0.904297 0.695312 0.160156 0.117188
1 0.931641 0.439453 0.128906 0.113281
0 0.025391 0.513672 0.042969 0.058594
0 0.978516 0.611328 0.042969 0.050781
0 0.779297 0.033203 0.082031 0.035156
1 0.509766 0.705078 0.167969 0.082031
