1 0.222656 0.554688 0.312500 0.265625
0 0.650391 0.052734 0.058594 0.097656
0 0.460938 0.037109 0.101562 0.050781
0 0.808594 0.410156 0.085938 0.078125
0 0.267578 0.115234 0.066406 0.050781
0 0.072266 0.109375 0.074219 0.054688
0 0.501953 0.369141 0.074219 0.050781
0 0.572266 0.380859 0.082031 0.050781
0 0.646484 0.416016 0.089844 0.066406
0 0.716797 0.271484 0.082031 0.050781
0 0.759766 0.312500 0.082031 0.054688
0 0.894531 0.468750 0.070312 0.054688
0 0.843750 0.501953 0.070312 0.058594
0 0.724609 0.845703 0.082031 0.058594
0 0.769531 0.800781 0.085938 0.062500
0 0.601562 0.789062 0.125000 0.085938
0 0.230469 0.964844 0.062500 0.062500
0 0.128906 0.982422 0.078125 0.035156
0 0.021484 0.404297 0.035156 0.066406
0 0.017578 0.900391 0.027344 0.042969
0 0.320312 0.150391 0.070312 0.066406
0 0.113281 0.150391 0.078125 0.066406
0 0.175781 0.945312 0.070312 0.054688
0 0.060547 0.982422 0.066406 0.035156
