1 0.197266 0.080078 0.253906 0.128906
0 0.289062 0.322266 0.109375 0.058594
0 0.072266 0.433594 0.121094 0.070312
0 0.751953 0.460938 0.082031 0.101562
0 0.429688 0.421875 0.101562 0.054688
0 0.607422 0.679688 0.097656 0.062500
0 0.191406 0.710938 0.109375 0.062500
0 0.890625 0.765625 0.101562 0.070312
0 0.679688 0.062500 0.085938 0.070312
0 0.294922 0.867188 0.042969 0.085938
0 0.326172 0.785156 0.050781 0.085938
0 0.324219 0.863281 0.039062 0.078125
0 0.390625 0.921875 0.078125 0.054688
0 0.462891 0.935547 0.074219 0.042969
