1 0.136564 0.431718 0.264317 0.211454
0 0.262115 0.614537 0.083700 0.074890
0 0.332599 0.627753 0.083700 0.066079
0 0.610132 0.720264 0.101322 0.066079
0 0.691630 0.473568 0.105727 0.074890
0 0.724670 0.515419 0.101322 0.061674
0 0.795154 0.876652 0.136564 0.079295
0 0.859031 0.211454 0.158590 0.088106
0 0.795154 0.107930 0.092511 0.074890
0 0.863436 0.094714 0.088106 0.092511
0 0.960352 0.387665 0.079295 0.114537
0 0.947137 0.980176 0.105727 0.039648
0 0.931718 0.951542 0.136564 0.044053
0 0.623348 0.759912 0.101322 0.066079
0 0.174009 0.713656 0.074890 0.044053
1 0.704846 0.317181 0.140969 0.132159
0 0.977974 0.405286 0.044053 0.079295
