1 0.716797 0.533203 0.222656 0.152344
1 0.865234 0.406250 0.113281 0.093750
0 0.396484 0.232422 0.089844 0.074219
0 0.865234 0.914062 0.089844 0.101562
0 0.669922 0.906250 0.105469 0.093750
0 0.210938 0.705078 0.062500 0.058594
0 0.324219 0.597656 0.085938 0.070312
0 0.441406 0.650391 0.125000 0.066406
0 0.171875 0.595703 0.078125 0.074219
0 0.109375 0.519531 0.101562 0.085938
0 0.220703 0.208984 0.066406 0.058594
0 0.796875 0.082031 0.101562 0.078125
0 0.917969 0.058594 0.117188 0.039062
0 0.259766 0.744141 0.058594 0.058594
0 0.273438 0.173828 0.062500 0.050781
0 0.312500 0.964844 0.046875 0.070312
0 0.503906 0.986328 0.085938 0.027344
