0 0.464844 0.398438 0.054688 0.140625
1 0.779297 0.369141 0.097656 0.167969
0 0.281250 0.302734 0.101562 0.097656
0 0.365234 0.417969 0.066406 0.109375
0 0.333984 0.628906 0.058594 0.109375
0 0.322266 0.683594 0.058594 0.085938
0 0.501953 0.160156 0.066406 0.125000
0 0.646484 0.169922 0.074219 0.113281
0 0.390625 0.099609 0.093750 0.066406
0 0.839844 0.179688 0.046875 0.117188
0 0.867188 0.238281 0.046875 0.117188
0 0.949219 0.335938 0.070312 0.101562
0 0.945312 0.396484 0.062500 0.097656
1 0.136719 0.298828 0.132812 0.136719
