0 0.228516 0.496094 0.136719 0.132812
1 0.367188 0.070312 0.226562 0.132812
1 0.771484 0.126953 0.300781 0.167969
0 0.712891 0.365234 0.097656 0.066406
0 0.636719 0.353516 0.085938 0.042969
0 0.894531 0.468750 0.101562 0.085938
0 0.947266 0.464844 0.074219 0.070312
0 0.742188 0.755859 0.085938 0.058594
0 0.812500 0.751953 0.085938 0.066406
0 0.554688 0.458984 0.140625 0.058594
1 0.585938 0.876953 0.242188 0.238281
0 0.369141 0.712891 0.121094 0.082031
0 0.089844 0.800781 0.140625 0.078125
1 0.066406 0.056641 0.125000 0.105469
0 0.955078 0.671875 0.074219 0.054688
0 0.962891 0.916016 0.058594 0.050781
0 0.164062 0.986328 0.093750 0.027344
