0 0.330078 0.394531 0.089844 0.062500
0 0.513672 0.402344 0.113281 0.070312
0 0.222656 0.490234 0.085938 0.089844
0 0.251953 0.564453 0.121094 0.050781
0 0.765625 0.429688 0.101562 0.062500
0 0.160156 0.033203 0.109375 0.058594
0 0.250000 0.958984 0.062500 0.082031
0 0.769531 0.638672 0.132812 0.058594
0 0.931641 0.460938 0.121094 0.054688
0 0.119141 0.660156 0.082031 0.117188
0 0.060547 0.537109 0.066406 0.097656
0 0.119141 0.806641 0.058594 0.097656
0 0.164062 0.849609 0.085938 0.082031
0 0.166016 0.789062 0.050781 0.101562
0 0.683594 0.107422 0.070312 0.089844
0 0.607422 0.136719 0.089844 0.054688
0 0.679688 0.150391 0.078125 0.066406
0 0.500000 0.492188 0.117188 0.054688
