0 0.445312 0.421875 0.156250 0.218750
0 0.310547 0.798828 0.292969 0.191406
1 0.189453 0.632812 0.097656 0.085938
1 0.203125 0.658203 0.109375 0.089844
1 0.847656 0.507812 0.085938 0.070312
1 0.894531 0.451172 0.085938 0.058594
1 0.048828 0.164062 0.082031 0.054688
1 0.050781 0.216797 0.085938 0.082031
0 0.572266 0.916016 0.113281 0.167969
1 0.681641 0.861328 0.097656 0.050781
1 0.730469 0.886719 0.093750 0.046875
0 0.910156 0.203125 0.164062 0.242188
1 0.841797 0.021484 0.128906 0.035156
1 0.814453 0.041016 0.113281 0.042969
