<<<<<<< HEAD
0 0.121951 0.553659 0.117073 0.121951
0 0.170732 0.543902 0.117073 0.121951
0 0.353659 0.402439 0.131707 0.082927
0 0.273171 0.373171 0.146341 0.092683
0 0.460976 0.534146 0.131707 0.082927
0 0.563415 0.529268 0.131707 0.082927
0 0.831707 0.314634 0.131707 0.170732
0 0.875610 0.304878 0.131707 0.170732
0 0.890244 0.521951 0.121951 0.087805
=======
0 0.126829 0.556098 0.107317 0.097561
0 0.168293 0.541463 0.112195 0.097561
0 0.265854 0.380488 0.102439 0.058537
0 0.343902 0.400000 0.121951 0.058537
0 0.504878 0.534146 0.219512 0.063415
0 0.914634 0.514634 0.170732 0.073171
0 0.831707 0.319512 0.131707 0.141463
0 0.873171 0.312195 0.126829 0.126829
>>>>>>> c4385e5f07e41f4225d1e04b2fa63305290a4b88
