1 0.177734 0.207031 0.144531 0.242188
0 0.468750 0.263672 0.078125 0.058594
0 0.535156 0.255859 0.078125 0.058594
0 0.460938 0.419922 0.085938 0.050781
0 0.322266 0.656250 0.082031 0.093750
0 0.230469 0.853516 0.070312 0.113281
0 0.335938 0.957031 0.101562 0.046875
0 0.609375 0.466797 0.062500 0.066406
0 0.667969 0.498047 0.078125 0.058594
0 0.417969 0.837891 0.070312 0.082031
0 0.455078 0.898438 0.058594 0.070312
0 0.871094 0.269531 0.078125 0.093750
0 0.917969 0.292969 0.109375 0.054688
1 0.929688 0.550781 0.140625 0.085938
