1 0.222656 0.123047 0.296875 0.175781
1 0.636719 0.072266 0.226562 0.136719
0 0.283203 0.361328 0.082031 0.058594
2 0.437500 0.453125 0.140625 0.054688
2 0.765625 0.496094 0.140625 0.132812
0 0.050781 0.460938 0.078125 0.070312
2 0.216797 0.742188 0.128906 0.062500
1 0.410156 0.878906 0.234375 0.242188
2 0.625000 0.708984 0.117188 0.082031
2 0.904297 0.800781 0.136719 0.070312
1 0.935547 0.064453 0.128906 0.121094
0 0.099609 0.464844 0.089844 0.078125
0 0.031250 0.916016 0.054688 0.050781
0 0.031250 0.671875 0.054688 0.054688
0 0.839844 0.990234 0.085938 0.019531
0 0.355469 0.351562 0.078125 0.046875
