0 0.037109 0.328125 0.066406 0.054688
0 0.097656 0.335938 0.062500 0.054688
0 0.087891 0.302734 0.128906 0.074219
0 0.451172 0.279297 0.097656 0.042969
0 0.494141 0.300781 0.097656 0.062500
0 0.507812 0.449219 0.093750 0.070312
0 0.318359 0.531250 0.105469 0.046875
0 0.353516 0.488281 0.105469 0.054688
0 0.650391 0.687500 0.113281 0.101562
0 0.541016 0.876953 0.097656 0.089844
0 0.527344 0.927734 0.093750 0.089844
0 0.742188 0.892578 0.070312 0.160156
0 0.640625 0.984375 0.140625 0.031250
1 0.066406 0.593750 0.125000 0.101562
1 0.794922 0.236328 0.160156 0.246094
