0 0.488593 0.425856 0.095057 0.083650
0 0.136882 0.058935 0.121673 0.079848
2 0.754753 0.665399 0.140684 0.060837
0 0.636882 0.019011 0.095057 0.030418
2 0.104563 0.680608 0.079848 0.129278
1 0.634981 0.150190 0.167300 0.117871
0 0.209125 0.517110 0.083650 0.076046
2 0.235741 0.595057 0.114068 0.064639
0 0.745247 0.452471 0.098859 0.060837
0 0.682510 0.039924 0.087452 0.057034
2 0.912548 0.484791 0.152091 0.072243
0 0.309886 0.425856 0.095057 0.076046
2 0.482890 0.515209 0.129278 0.057034
1 0.140684 0.851711 0.129278 0.152091
1 0.053232 0.568441 0.083650 0.117871
0 0.235741 0.973384 0.060837 0.053232
0 0.982890 0.083650 0.034221 0.068441
