0 0.279297 0.449219 0.097656 0.062500
0 0.302734 0.498047 0.097656 0.074219
0 0.410156 0.224609 0.101562 0.082031
0 0.417969 0.263672 0.093750 0.074219
0 0.683594 0.396484 0.078125 0.066406
0 0.746094 0.414062 0.078125 0.070312
0 0.054688 0.736328 0.078125 0.058594
0 0.132812 0.724609 0.085938 0.058594
0 0.082031 0.851562 0.093750 0.085938
0 0.144531 0.847656 0.093750 0.070312
0 0.253906 0.082031 0.125000 0.093750
0 0.230469 0.664062 0.078125 0.062500
0 0.304688 0.628906 0.078125 0.062500
0 0.273438 0.681641 0.109375 0.074219
1 0.851562 0.626953 0.289062 0.199219
0 0.035156 0.544922 0.062500 0.113281
