0 0.285156 0.117188 0.062500 0.085938
0 0.246094 0.173828 0.062500 0.089844
0 0.345703 0.933594 0.074219 0.093750
0 0.326172 0.265625 0.113281 0.117188
0 0.816406 0.093750 0.070312 0.054688
0 0.804688 0.265625 0.054688 0.125000
0 0.925781 0.158203 0.125000 0.089844
0 0.429688 0.812500 0.054688 0.101562
0 0.068359 0.582031 0.042969 0.070312
0 0.447266 0.882812 0.050781 0.085938
0 0.638672 0.775391 0.097656 0.089844
1 0.341797 0.617188 0.089844 0.148438
0 0.664062 0.046875 0.078125 0.039062
0 0.748047 0.078125 0.074219 0.046875
0 0.089844 0.636719 0.054688 0.070312
