1 0.775391 0.554688 0.308594 0.265625
0 0.191406 0.414062 0.093750 0.078125
0 0.351562 0.050781 0.062500 0.093750
0 0.542969 0.037109 0.117188 0.058594
0 0.238281 0.312500 0.085938 0.054688
0 0.277344 0.265625 0.085938 0.046875
0 0.343750 0.416016 0.093750 0.066406
0 0.101562 0.468750 0.062500 0.062500
0 0.220703 0.800781 0.074219 0.054688
0 0.263672 0.841797 0.089844 0.058594
0 0.392578 0.785156 0.128906 0.085938
0 0.759766 0.966797 0.074219 0.058594
0 0.675781 0.142578 0.070312 0.058594
0 0.876953 0.152344 0.074219 0.070312
0 0.423828 0.376953 0.082031 0.058594
0 0.986328 0.904297 0.027344 0.035156
0 0.984375 0.400391 0.031250 0.066406
0 0.865234 0.982422 0.066406 0.035156
0 0.150391 0.501953 0.066406 0.058594
0 0.820312 0.943359 0.070312 0.058594
0 0.931641 0.982422 0.074219 0.035156
0 0.929688 0.109375 0.070312 0.062500
0 0.734375 0.117188 0.062500 0.070312
0 0.500000 0.367188 0.078125 0.070312
