1 0.289062 0.476562 0.203125 0.171875
0 0.128906 0.599609 0.070312 0.050781
0 0.621094 0.767578 0.109375 0.066406
2 0.765625 0.794922 0.093750 0.089844
2 0.224609 0.925781 0.105469 0.078125
2 0.546875 0.341797 0.117188 0.050781
0 0.664062 0.386719 0.093750 0.070312
2 0.753906 0.263672 0.101562 0.089844
0 0.822266 0.382812 0.082031 0.070312
2 0.886719 0.458984 0.085938 0.082031
2 0.304688 0.101562 0.101562 0.085938
0 0.113281 0.101562 0.109375 0.101562
0 0.664062 0.035156 0.062500 0.062500
0 0.478516 0.015625 0.097656 0.023438
0 0.023438 0.365234 0.039062 0.066406
0 0.019531 0.876953 0.031250 0.058594
0 0.800781 0.978516 0.093750 0.042969
2 0.103516 0.962891 0.113281 0.042969
0 0.177734 0.601562 0.050781 0.054688
0 0.146484 0.640625 0.066406 0.039062
0 0.109375 0.988281 0.085938 0.023438
