0 0.170819 0.202847 0.128114 0.092527
0 0.800712 0.672598 0.120996 0.049822
0 0.827402 0.959075 0.117438 0.081851
1 0.145907 0.064057 0.263345 0.120996
0 0.788256 0.704626 0.110320 0.064057
0 0.809609 0.976868 0.067616 0.046263
0 0.975089 0.717082 0.049822 0.046263
0 0.971530 0.756228 0.056940 0.060498
0 0.154804 0.985765 0.053381 0.028470
0 0.129893 0.706406 0.131673 0.046263
2 0.282918 0.441281 0.153025 0.056940
2 0.081851 0.265125 0.064057 0.145907
2 0.161922 0.733096 0.160142 0.049822
0 0.046263 0.256228 0.056940 0.128114
