1 0.792969 0.568359 0.367188 0.316406
2 0.267578 0.289062 0.160156 0.062500
1 0.150391 0.462891 0.191406 0.160156
1 0.423828 0.408203 0.261719 0.136719
1 0.326172 0.824219 0.316406 0.125000
1 0.708984 0.126953 0.136719 0.042969
2 0.910156 0.126953 0.148438 0.058594
2 0.552734 0.037109 0.113281 0.066406
1 0.857422 0.962891 0.285156 0.074219
0 0.332031 0.097656 0.085938 0.085938
0 0.365234 0.035156 0.066406 0.062500
0 0.980469 0.402344 0.039062 0.078125
2 0.269531 0.322266 0.164062 0.050781
2 0.529297 0.058594 0.113281 0.070312
2 0.720703 0.152344 0.152344 0.039062
2 0.916016 0.166016 0.167969 0.058594
