1 0.742188 0.210938 0.156250 0.140625
1 0.486328 0.640625 0.355469 0.242188
1 0.408203 0.136719 0.144531 0.109375
1 0.888672 0.941406 0.175781 0.101562
0 0.875000 0.794922 0.101562 0.089844
0 0.277344 0.189453 0.101562 0.066406
0 0.335938 0.207031 0.085938 0.070312
0 0.498047 0.287109 0.097656 0.089844
2 0.498047 0.494141 0.144531 0.066406
0 0.589844 0.167969 0.078125 0.101562
0 0.896484 0.193359 0.089844 0.074219
0 0.955078 0.140625 0.074219 0.062500
0 0.894531 0.775391 0.085938 0.082031
0 0.634766 0.964844 0.058594 0.070312
