0 0.240234 0.080078 0.113281 0.097656
0 0.253906 0.320312 0.093750 0.054688
0 0.050781 0.498047 0.093750 0.050781
0 0.623047 0.253906 0.128906 0.093750
0 0.699219 0.156250 0.085938 0.054688
0 0.107422 0.462891 0.089844 0.066406
0 0.291016 0.343750 0.121094 0.070312
0 0.189453 0.660156 0.074219 0.117188
0 0.753906 0.175781 0.093750 0.054688
0 0.720703 0.714844 0.136719 0.070312
0 0.857422 0.812500 0.097656 0.117188
0 0.892578 0.658203 0.058594 0.144531
0 0.900391 0.537109 0.050781 0.082031
0 0.261719 0.943359 0.101562 0.035156
