0 0.310547 0.111328 0.113281 0.097656
0 0.328125 0.355469 0.093750 0.054688
0 0.115234 0.529297 0.097656 0.050781
0 0.689453 0.285156 0.128906 0.093750
0 0.765625 0.191406 0.085938 0.054688
0 0.177734 0.494141 0.089844 0.066406
0 0.050781 0.447266 0.093750 0.058594
0 0.361328 0.375000 0.121094 0.070312
0 0.259766 0.691406 0.074219 0.117188
0 0.828125 0.210938 0.093750 0.054688
0 0.792969 0.748047 0.125000 0.066406
0 0.927734 0.847656 0.097656 0.117188
0 0.962891 0.689453 0.058594 0.144531
0 0.978516 0.578125 0.042969 0.085938
0 0.320312 0.982422 0.093750 0.035156
