0 0.484375 0.476562 0.132812 0.085938
0 0.669922 0.484375 0.128906 0.085938
0 0.916016 0.511719 0.128906 0.054688
1 0.810547 0.205078 0.183594 0.144531
0 0.810547 0.070312 0.105469 0.046875
0 0.386719 0.574219 0.093750 0.101562
0 0.636719 0.574219 0.085938 0.070312
0 0.902344 0.732422 0.101562 0.042969
0 0.283203 0.111328 0.082031 0.066406
1 0.283203 0.771484 0.199219 0.425781
0 0.351562 0.119141 0.078125 0.050781
0 0.392578 0.660156 0.074219 0.046875
0 0.437500 0.642578 0.101562 0.050781
0 0.685547 0.580078 0.082031 0.058594
0 0.849609 0.099609 0.128906 0.042969
0 0.955078 0.710938 0.089844 0.046875
