0 0.152344 0.511719 0.148438 0.062500
0 0.486328 0.525391 0.167969 0.050781
0 0.621094 0.419922 0.093750 0.042969
0 0.679688 0.406250 0.093750 0.054688
0 0.189453 0.347656 0.097656 0.101562
0 0.226562 0.351562 0.109375 0.117188
0 0.757812 0.531250 0.093750 0.085938
0 0.796875 0.539062 0.085938 0.078125
0 0.904297 0.746094 0.097656 0.062500
0 0.302734 0.958984 0.136719 0.074219
0 0.119141 0.964844 0.105469 0.054688
0 0.187500 0.976562 0.109375 0.046875
0 0.056641 0.205078 0.105469 0.089844
0 0.867188 0.035156 0.187500 0.062500
0 0.056641 0.646484 0.082031 0.066406
1 0.474609 0.091797 0.167969 0.074219
