0 0.410156 0.382812 0.062500 0.109375
0 0.445312 0.458984 0.085938 0.097656
0 0.707031 0.869141 0.132812 0.074219
0 0.875000 0.472656 0.101562 0.109375
0 0.195312 0.626953 0.078125 0.074219
0 0.464844 0.431641 0.085938 0.105469
0 0.197266 0.666016 0.089844 0.082031
0 0.800781 0.035156 0.093750 0.046875
0 0.855469 0.019531 0.101562 0.031250
0 0.558594 0.955078 0.070312 0.089844
0 0.583984 0.890625 0.066406 0.093750
0 0.542969 0.933594 0.062500 0.093750
1 0.302734 0.792969 0.285156 0.156250
1 0.914062 0.183594 0.148438 0.218750
