0 0.468750 0.376953 0.109375 0.050781
0 0.468750 0.412109 0.093750 0.042969
0 0.533203 0.390625 0.089844 0.054688
0 0.482422 0.121094 0.066406 0.078125
0 0.417969 0.154297 0.078125 0.066406
0 0.832031 0.306641 0.156250 0.113281
0 0.917969 0.207031 0.101562 0.046875
0 0.957031 0.234375 0.085938 0.046875
0 0.396484 0.718750 0.082031 0.117188
0 0.263672 0.556641 0.113281 0.050781
0 0.312500 0.519531 0.101562 0.054688
0 0.197266 0.476562 0.082031 0.054688
0 0.927734 0.767578 0.144531 0.074219
0 0.162109 0.462891 0.042969 0.058594
0 0.445312 0.988281 0.062500 0.023438
