0 0.048951 0.248252 0.048951 0.104895
0 0.083916 0.272727 0.048951 0.104895
0 0.169580 0.197552 0.101399 0.073427
0 0.117133 0.704545 0.101399 0.052448
0 0.192308 0.729021 0.104895 0.059441
0 0.783217 0.704545 0.104895 0.052448
0 0.821678 0.669580 0.104895 0.052448
0 0.830420 0.965035 0.108392 0.069930
0 0.286713 0.437063 0.118881 0.055944
1 0.145105 0.061189 0.206294 0.115385
0 0.823427 0.984266 0.052448 0.031469
0 0.155594 0.984266 0.066434 0.031469
0 0.987762 0.753497 0.024476 0.038462
0 0.975524 0.718531 0.048951 0.052448
