0 0.400391 0.529297 0.074219 0.074219
0 0.691406 0.410156 0.062500 0.093750
0 0.691406 0.671875 0.054688 0.101562
0 0.234375 0.539062 0.101562 0.093750
0 0.365234 0.154297 0.097656 0.089844
1 0.068359 0.699219 0.128906 0.148438
0 0.412109 0.964844 0.089844 0.054688
0 0.113281 0.349609 0.062500 0.066406
0 0.527344 0.082031 0.062500 0.078125
0 0.513672 0.167969 0.066406 0.085938
0 0.548828 0.107422 0.058594 0.058594
0 0.642578 0.093750 0.082031 0.070312
0 0.708984 0.121094 0.074219 0.062500
0 0.330078 0.939453 0.050781 0.105469
