0 0.126953 0.466797 0.089844 0.097656
0 0.072266 0.212891 0.058594 0.113281
0 0.068359 0.119141 0.121094 0.089844
0 0.167969 0.027344 0.132812 0.046875
1 0.693359 0.779297 0.253906 0.152344
0 0.101562 0.228516 0.046875 0.105469
0 0.806641 0.660156 0.082031 0.070312
0 0.794922 0.621094 0.082031 0.070312
0 0.285156 0.865234 0.109375 0.074219
0 0.023438 0.359375 0.039062 0.078125
0 0.951172 0.169922 0.082031 0.082031
0 0.019531 0.951172 0.031250 0.058594
1 0.439453 0.921875 0.082031 0.148438
1 0.550781 0.404297 0.109375 0.167969
