0 0.237931 0.618966 0.110345 0.086207
0 0.375862 0.589655 0.103448 0.055172
0 0.389655 0.489655 0.103448 0.075862
0 0.189655 0.363793 0.117241 0.051724
0 0.251724 0.239655 0.117241 0.051724
0 0.324138 0.053448 0.089655 0.051724
0 0.410345 0.062069 0.096552 0.062069
0 0.032759 0.462069 0.058621 0.062069
0 0.146552 0.910345 0.086207 0.082759
0 0.489655 0.165517 0.117241 0.068966
0 0.863793 0.896552 0.113793 0.082759
0 0.556897 0.700000 0.079310 0.041379
0 0.513793 0.025862 0.075862 0.044828
0 0.577586 0.039655 0.079310 0.058621
0 0.617241 0.722414 0.089655 0.051724
0 0.982759 0.963793 0.034483 0.051724
0 0.887931 0.418966 0.079310 0.065517
0 0.825862 0.393103 0.079310 0.048276
1 0.889655 0.581034 0.220690 0.079310
2 0.124138 0.927586 0.110345 0.096552
2 0.474138 0.193103 0.127586 0.089655
0 0.160345 0.727586 0.044828 0.075862
0 0.189655 0.787931 0.048276 0.079310
0 0.201724 0.748276 0.072414 0.110345
0 0.093103 0.436207 0.075862 0.058621
