0 0.820312 0.308594 0.101562 0.085938
0 0.617188 0.388672 0.117188 0.050781
0 0.951172 0.505859 0.097656 0.082031
0 0.832031 0.833984 0.109375 0.097656
0 0.351562 0.523438 0.203125 0.171875
0 0.210938 0.662109 0.117188 0.089844
0 0.103516 0.966797 0.113281 0.058594
0 0.287109 0.960938 0.105469 0.078125
0 0.179688 0.152344 0.085938 0.093750
0 0.378906 0.154297 0.109375 0.082031
1 0.730469 0.435547 0.078125 0.082031
1 0.886719 0.433594 0.078125 0.070312
1 0.683594 0.810547 0.109375 0.066406
1 0.728516 0.080078 0.066406 0.074219
1 0.539062 0.060547 0.078125 0.035156
