0 0.529297 0.570312 0.121094 0.062500
0 0.705078 0.544922 0.113281 0.082031
0 0.269531 0.583984 0.109375 0.066406
0 0.935547 0.876953 0.128906 0.058594
1 0.224609 0.371094 0.152344 0.078125
1 0.511719 0.480469 0.132812 0.070312
1 0.751953 0.369141 0.121094 0.066406
0 0.791016 0.431641 0.097656 0.074219
0 0.931641 0.369141 0.082031 0.128906
0 0.861328 0.253906 0.097656 0.140625
0 0.802734 0.103516 0.152344 0.152344
0 0.425781 0.875000 0.164062 0.132812
0 0.095703 0.578125 0.152344 0.078125
0 0.392578 0.978516 0.089844 0.042969
