0 0.099609 0.380859 0.097656 0.074219
0 0.076172 0.464844 0.113281 0.062500
0 0.201172 0.324219 0.160156 0.062500
0 0.728516 0.460938 0.089844 0.085938
0 0.699219 0.304688 0.078125 0.078125
0 0.728516 0.246094 0.074219 0.070312
0 0.882812 0.173828 0.093750 0.066406
0 0.841797 0.066406 0.097656 0.070312
0 0.306641 0.582031 0.105469 0.062500
0 0.634766 0.705078 0.089844 0.097656
0 0.822266 0.845703 0.082031 0.058594
0 0.189453 0.677734 0.082031 0.042969
0 0.945312 0.927734 0.109375 0.066406
0 0.972656 0.367188 0.054688 0.070312
