0 0.634766 0.427734 0.121094 0.050781
0 0.666016 0.402344 0.121094 0.054688
0 0.039062 0.207031 0.070312 0.078125
0 0.074219 0.212891 0.070312 0.089844
1 0.214844 0.355469 0.140625 0.164062
1 0.218750 0.962891 0.312500 0.074219
1 0.781250 0.541016 0.140625 0.113281
1 0.476562 0.093750 0.195312 0.085938
0 0.105469 0.505859 0.109375 0.050781
0 0.199219 0.521484 0.101562 0.058594
0 0.427734 0.533203 0.121094 0.058594
0 0.537109 0.527344 0.121094 0.046875
0 0.923828 0.763672 0.113281 0.082031
0 0.843750 0.019531 0.132812 0.031250
0 0.900391 0.046875 0.152344 0.046875
1 0.052734 0.628906 0.097656 0.109375
0 0.968750 0.761719 0.062500 0.070312
0 0.964844 0.845703 0.070312 0.050781
0 0.978516 0.876953 0.042969 0.042969
