<<<<<<< HEAD
1 0.402344 0.523438 0.187500 0.156250
0 0.580078 0.376953 0.136719 0.082031
0 0.781250 0.312500 0.117188 0.070312
0 0.871094 0.289062 0.117188 0.070312
0 0.835938 0.097656 0.117188 0.070312
0 0.898438 0.113281 0.117188 0.070312
0 0.197266 0.224609 0.097656 0.113281
0 0.615234 0.757812 0.105469 0.062500
0 0.677734 0.734375 0.105469 0.062500
0 0.705078 0.878906 0.105469 0.062500
0 0.767578 0.882812 0.105469 0.062500
0 0.925781 0.583984 0.101562 0.082031
=======
1 0.410156 0.533203 0.156250 0.121094
0 0.578125 0.384766 0.125000 0.058594
0 0.197266 0.224609 0.058594 0.105469
0 0.929688 0.585938 0.085938 0.062500
0 0.828125 0.298828 0.164062 0.066406
0 0.857422 0.107422 0.152344 0.066406
0 0.636719 0.750000 0.132812 0.062500
0 0.730469 0.880859 0.140625 0.058594
>>>>>>> c4385e5f07e41f4225d1e04b2fa63305290a4b88
