0 0.498047 0.402344 0.082031 0.062500
0 0.505859 0.496094 0.121094 0.054688
0 0.232422 0.640625 0.136719 0.070312
0 0.076172 0.468750 0.136719 0.054688
0 0.246094 0.433594 0.101562 0.054688
0 0.675781 0.400391 0.085938 0.082031
0 0.779297 0.494141 0.074219 0.089844
0 0.755859 0.566406 0.097656 0.070312
1 0.933594 0.544922 0.085938 0.113281
1 0.878906 0.664062 0.078125 0.125000
1 0.851562 0.820312 0.132812 0.140625
0 0.751953 0.960938 0.074219 0.078125
0 0.849609 0.031250 0.121094 0.054688
1 0.355469 0.125000 0.164062 0.125000
