1 0.259766 0.218750 0.144531 0.109375
1 0.519531 0.642578 0.351562 0.230469
1 0.589844 0.132812 0.156250 0.125000
0 0.656250 0.212891 0.093750 0.089844
0 0.730469 0.201172 0.085938 0.082031
0 0.494141 0.285156 0.089844 0.093750
0 0.404297 0.166016 0.082031 0.097656
0 0.044922 0.138672 0.074219 0.066406
0 0.082031 0.189453 0.070312 0.058594
0 0.103516 0.773438 0.113281 0.093750
0 0.119141 0.792969 0.113281 0.093750
1 0.101562 0.933594 0.179688 0.085938
0 0.455078 0.492188 0.074219 0.054688
0 0.527344 0.496094 0.078125 0.054688
0 0.359375 0.962891 0.062500 0.074219
