1 0.178049 0.573171 0.346341 0.326829
0 0.504878 0.334146 0.102439 0.073171
0 0.587805 0.346341 0.092683 0.068293
0 0.690244 0.397561 0.131707 0.082927
0 0.885366 0.392683 0.102439 0.092683
0 0.773171 0.212195 0.102439 0.063415
0 0.821951 0.260976 0.102439 0.073171
0 0.207317 0.029268 0.082927 0.048780
0 0.631707 0.863415 0.151220 0.097561
0 0.792683 0.931707 0.112195 0.068293
0 0.846341 0.870732 0.092683 0.063415
0 0.034146 0.068293 0.058537 0.068293
0 0.939024 0.504878 0.073171 0.063415
0 0.982927 0.473171 0.034146 0.058537
0 0.278049 0.060976 0.078049 0.073171
