1 0.624390 0.548780 0.224390 0.180488
0 0.419512 0.360976 0.146341 0.097561
0 0.351220 0.375610 0.146341 0.078049
0 0.875610 0.151220 0.112195 0.097561
0 0.865854 0.224390 0.102439 0.107317
0 0.029268 0.602439 0.048780 0.073171
2 0.078049 0.019512 0.146341 0.029268
2 0.073171 0.043902 0.136585 0.048780
2 0.090244 0.239024 0.170732 0.048780
2 0.107317 0.285366 0.204878 0.063415
2 0.314634 0.804878 0.200000 0.058537
2 0.336585 0.841463 0.175610 0.053659
2 0.195122 0.965854 0.146341 0.068293
0 0.251220 0.975610 0.092683 0.048780
