1 0.138672 0.210938 0.105469 0.132812
0 0.359375 0.376953 0.085938 0.082031
0 0.447266 0.736328 0.058594 0.128906
0 0.541016 0.478516 0.097656 0.082031
0 0.634766 0.324219 0.082031 0.078125
0 0.652344 0.371094 0.101562 0.078125
0 0.414062 0.384766 0.085938 0.074219
0 0.228516 0.773438 0.097656 0.054688
0 0.191406 0.794922 0.101562 0.050781
0 0.347656 0.933594 0.148438 0.085938
0 0.843750 0.845703 0.062500 0.058594
1 0.904297 0.572266 0.175781 0.238281
0 0.218750 0.917969 0.101562 0.125000
1 0.365234 0.070312 0.128906 0.132812
