0 0.101351 0.378378 0.094595 0.063063
0 0.078829 0.463964 0.121622 0.054054
0 0.168919 0.326577 0.085586 0.049550
0 0.731982 0.459459 0.094595 0.090090
0 0.641892 0.702703 0.085586 0.090090
0 0.310811 0.585586 0.099099 0.063063
0 0.731982 0.247748 0.076577 0.072072
0 0.700450 0.301802 0.076577 0.072072
0 0.844595 0.065315 0.103604 0.067568
0 0.885135 0.177928 0.085586 0.067568
0 0.826577 0.849099 0.085586 0.058559
0 0.191441 0.680180 0.076577 0.045045
0 0.945946 0.925676 0.108108 0.067568
0 0.968468 0.364865 0.063063 0.090090
0 0.240991 0.317568 0.076577 0.058559
