<<<<<<< HEAD
0 0.234375 0.511719 0.109375 0.062500
0 0.300781 0.527344 0.109375 0.062500
0 0.382812 0.636719 0.109375 0.070312
0 0.468750 0.636719 0.109375 0.070312
0 0.119141 0.654297 0.113281 0.089844
0 0.169922 0.642578 0.113281 0.089844
0 0.724609 0.630859 0.097656 0.058594
0 0.802734 0.619141 0.097656 0.058594
0 0.681641 0.462891 0.105469 0.128906
0 0.720703 0.455078 0.105469 0.128906
1 0.433594 0.203125 0.179688 0.101562
0 0.865234 0.744141 0.105469 0.105469
0 0.837891 0.324219 0.089844 0.078125
0 0.878906 0.300781 0.078125 0.085938
=======
0 0.121094 0.658203 0.093750 0.082031
0 0.230469 0.517578 0.093750 0.050781
0 0.154297 0.650391 0.089844 0.082031
0 0.291016 0.537109 0.097656 0.042969
0 0.431641 0.642578 0.160156 0.050781
0 0.687500 0.470703 0.109375 0.113281
0 0.720703 0.460938 0.097656 0.101562
0 0.767578 0.625000 0.152344 0.070312
0 0.857422 0.320312 0.121094 0.085938
1 0.453125 0.207031 0.171875 0.085938
>>>>>>> c4385e5f07e41f4225d1e04b2fa63305290a4b88
