1 0.693694 0.790541 0.288288 0.157658
0 0.121622 0.475225 0.108108 0.112613
0 0.581081 0.378378 0.072072 0.117117
0 0.529279 0.432432 0.085586 0.099099
0 0.547297 0.454955 0.085586 0.099099
0 0.799550 0.623874 0.085586 0.076577
0 0.799550 0.664414 0.085586 0.076577
0 0.286036 0.867117 0.130631 0.076577
0 0.405405 0.894144 0.072072 0.103604
0 0.430180 0.957207 0.076577 0.085586
0 0.457207 0.932432 0.076577 0.099099
1 0.083333 0.186937 0.148649 0.220721
0 0.139640 0.020270 0.108108 0.031532
0 0.191441 0.036036 0.094595 0.045045
