<<<<<<< HEAD
1 0.402344 0.531250 0.179688 0.164062
0 0.542969 0.386719 0.093750 0.062500
0 0.630859 0.382812 0.121094 0.062500
=======
1 0.402344 0.535156 0.171875 0.140625
0 0.195312 0.236328 0.078125 0.128906
0 0.580078 0.392578 0.167969 0.066406
0 0.791016 0.320312 0.136719 0.046875
0 0.847656 0.291016 0.132812 0.042969
0 0.826172 0.097656 0.105469 0.054688
0 0.875000 0.123047 0.125000 0.050781
0 0.914062 0.587891 0.117188 0.089844
0 0.660156 0.736328 0.109375 0.050781
0 0.611328 0.771484 0.113281 0.042969
0 0.748047 0.878906 0.097656 0.070312
0 0.714844 0.894531 0.101562 0.078125
>>>>>>> c4385e5f07e41f4225d1e04b2fa63305290a4b88
