0 0.197266 0.312500 0.121094 0.093750
0 0.421875 0.046875 0.070312 0.046875
0 0.478516 0.486328 0.089844 0.050781
0 0.632812 0.371094 0.093750 0.054688
0 0.761719 0.496094 0.101562 0.070312
0 0.933594 0.716797 0.093750 0.058594
0 0.289062 0.917969 0.078125 0.062500
0 0.121094 0.927734 0.117188 0.058594
0 0.136719 0.468750 0.093750 0.046875
0 0.044922 0.167969 0.082031 0.070312
0 0.490234 0.056641 0.074219 0.058594
0 0.017578 0.589844 0.027344 0.039062
0 0.986328 0.830078 0.027344 0.035156
0 0.871094 0.009766 0.085938 0.011719
