0 0.050781 0.246094 0.093750 0.062500
0 0.125000 0.283203 0.093750 0.066406
0 0.277344 0.335938 0.101562 0.085938
0 0.357422 0.316406 0.089844 0.093750
0 0.378906 0.494141 0.140625 0.074219
0 0.414062 0.474609 0.140625 0.082031
0 0.941406 0.978516 0.117188 0.042969
0 0.982422 0.271484 0.035156 0.058594
0 0.976562 0.052734 0.046875 0.066406
0 0.154297 0.939453 0.160156 0.066406
2 0.136719 0.960938 0.164062 0.078125
2 0.578125 0.375000 0.125000 0.101562
2 0.605469 0.390625 0.125000 0.101562
2 0.482422 0.123047 0.113281 0.152344
2 0.498047 0.105469 0.105469 0.132812
