<<<<<<< HEAD
0 0.402439 0.356098 0.170732 0.097561
1 0.617073 0.539024 0.200000 0.170732
0 0.287805 0.800000 0.117073 0.087805
0 0.370732 0.824390 0.117073 0.087805
0 0.060976 0.234146 0.112195 0.087805
0 0.151220 0.263415 0.117073 0.087805
0 0.873171 0.160976 0.087805 0.136585
=======
1 0.619512 0.543902 0.185366 0.160976
0 0.282927 0.800000 0.097561 0.068293
0 0.368293 0.821951 0.102439 0.063415
0 0.397561 0.351220 0.160976 0.078049
0 0.873171 0.158537 0.078049 0.121951
0 0.048780 0.236585 0.087805 0.063415
0 0.141463 0.263415 0.107317 0.068293
>>>>>>> c4385e5f07e41f4225d1e04b2fa63305290a4b88
