0 0.257812 0.703125 0.101562 0.164062
0 0.132812 0.539062 0.132812 0.046875
0 0.148438 0.505859 0.132812 0.050781
0 0.289062 0.121094 0.078125 0.109375
0 0.330078 0.119141 0.074219 0.097656
0 0.671875 0.273438 0.132812 0.062500
0 0.701172 0.316406 0.128906 0.070312
0 0.048828 0.472656 0.089844 0.054688
0 0.783203 0.189453 0.136719 0.050781
0 0.806641 0.222656 0.136719 0.046875
1 0.843750 0.826172 0.273438 0.214844
1 0.960938 0.660156 0.078125 0.218750
1 0.347656 0.373047 0.195312 0.105469
0 0.029297 0.441406 0.050781 0.046875
0 0.302734 0.984375 0.058594 0.031250
0 0.343750 0.988281 0.046875 0.023438
0 0.447266 0.015625 0.066406 0.023438
