1 0.169922 0.257812 0.230469 0.179688
0 0.654297 0.308594 0.082031 0.101562
0 0.511719 0.632812 0.070312 0.085938
0 0.828125 0.183594 0.132812 0.054688
0 0.292969 0.595703 0.062500 0.082031
0 0.441406 0.490234 0.078125 0.097656
0 0.294922 0.529297 0.066406 0.082031
0 0.558594 0.677734 0.062500 0.082031
0 0.849609 0.376953 0.082031 0.074219
0 0.906250 0.384766 0.085938 0.066406
0 0.943359 0.263672 0.066406 0.113281
0 0.376953 0.923828 0.066406 0.113281
0 0.675781 0.896484 0.062500 0.113281
0 0.650391 0.935547 0.042969 0.097656
0 0.406250 0.949219 0.054688 0.101562
