0 0.052734 0.240234 0.042969 0.113281
0 0.080078 0.267578 0.042969 0.113281
0 0.169922 0.199219 0.089844 0.070312
0 0.111328 0.703125 0.105469 0.062500
0 0.191406 0.728516 0.109375 0.050781
0 0.779297 0.699219 0.097656 0.046875
0 0.810547 0.667969 0.097656 0.046875
0 0.824219 0.957031 0.093750 0.078125
0 0.289062 0.433594 0.117188 0.062500
1 0.146484 0.058594 0.230469 0.109375
0 0.816406 0.982422 0.054688 0.035156
0 0.972656 0.716797 0.046875 0.050781
0 0.984375 0.755859 0.031250 0.042969
0 0.148438 0.986328 0.054688 0.027344
