1 0.693359 0.791016 0.285156 0.160156
0 0.121094 0.474609 0.109375 0.113281
0 0.800781 0.625000 0.085938 0.078125
0 0.800781 0.664062 0.085938 0.078125
0 0.287109 0.867188 0.128906 0.078125
1 0.082031 0.187500 0.148438 0.218750
0 0.140625 0.019531 0.109375 0.031250
0 0.191406 0.035156 0.093750 0.046875
1 0.548828 0.416016 0.128906 0.175781
1 0.431641 0.921875 0.113281 0.156250
0 0.943359 0.167969 0.082031 0.078125
0 0.962891 0.224609 0.042969 0.050781
0 0.015625 0.373047 0.023438 0.089844
0 0.017578 0.962891 0.027344 0.066406
