0 0.695312 0.431641 0.125000 0.082031
0 0.515625 0.437500 0.117188 0.070312
0 0.257812 0.464844 0.125000 0.062500
1 0.767578 0.554688 0.121094 0.148438
1 0.900391 0.732422 0.191406 0.449219
0 0.218750 0.664062 0.093750 0.054688
0 0.486328 0.523438 0.089844 0.070312
0 0.050781 0.496094 0.078125 0.078125
1 0.375000 0.154297 0.187500 0.144531
2 0.863281 0.060547 0.140625 0.050781
0 0.365234 0.025391 0.105469 0.042969
0 0.271484 0.681641 0.097656 0.050781
0 0.544922 0.529297 0.082031 0.074219
0 0.121094 0.498047 0.093750 0.066406
0 0.330078 0.046875 0.121094 0.054688
0 0.019531 0.093750 0.031250 0.054688
0 0.765625 0.976562 0.062500 0.046875
