0 0.478516 0.517578 0.074219 0.058594
0 0.210938 0.666016 0.078125 0.058594
0 0.738281 0.589844 0.062500 0.062500
0 0.042969 0.488281 0.070312 0.046875
1 0.363281 0.148438 0.164062 0.117188
0 0.316406 0.042969 0.085938 0.054688
0 0.865234 0.056641 0.144531 0.066406
0 0.511719 0.429688 0.093750 0.070312
0 0.251953 0.457031 0.113281 0.062500
0 0.691406 0.427734 0.117188 0.082031
0 0.792969 0.517578 0.078125 0.097656
0 0.121094 0.494141 0.078125 0.050781
0 0.285156 0.673828 0.078125 0.058594
0 0.546875 0.519531 0.070312 0.062500
0 0.796875 0.599609 0.070312 0.058594
1 0.947266 0.566406 0.089844 0.125000
1 0.863281 0.849609 0.125000 0.152344
0 0.765625 0.972656 0.054688 0.054688
0 0.876953 0.718750 0.042969 0.070312
0 0.908203 0.656250 0.058594 0.062500
0 0.375000 0.023438 0.078125 0.039062
0 0.017578 0.085938 0.027344 0.054688
