1 0.187500 0.259766 0.132812 0.136719
0 0.464844 0.472656 0.085938 0.132812
0 0.533203 0.597656 0.082031 0.070312
0 0.595703 0.609375 0.074219 0.125000
0 0.630859 0.523438 0.074219 0.125000
0 0.685547 0.388672 0.066406 0.121094
0 0.097656 0.562500 0.093750 0.117188
0 0.109375 0.593750 0.093750 0.117188
0 0.128906 0.404297 0.093750 0.082031
0 0.167969 0.718750 0.070312 0.062500
0 0.253906 0.488281 0.085938 0.078125
0 0.187500 0.644531 0.085938 0.078125
0 0.742188 0.078125 0.085938 0.078125
0 0.757812 0.113281 0.101562 0.085938
0 0.121094 0.054688 0.101562 0.085938
1 0.896484 0.089844 0.097656 0.156250
