1 0.095703 0.664062 0.183594 0.265625
0 0.273438 0.500000 0.140625 0.078125
0 0.283203 0.535156 0.128906 0.078125
0 0.402344 0.480469 0.078125 0.101562
0 0.470703 0.519531 0.097656 0.101562
0 0.716797 0.380859 0.058594 0.113281
0 0.751953 0.404297 0.058594 0.113281
0 0.720703 0.666016 0.097656 0.144531
0 0.730469 0.632812 0.085938 0.125000
0 0.394531 0.130859 0.093750 0.113281
0 0.427734 0.128906 0.097656 0.109375
1 0.398438 0.910156 0.242188 0.179688
1 0.138672 0.285156 0.128906 0.179688
1 0.654297 0.119141 0.292969 0.230469
