1 0.140625 0.435547 0.273438 0.214844
0 0.277344 0.636719 0.101562 0.078125
0 0.320312 0.621094 0.101562 0.078125
0 0.607422 0.755859 0.152344 0.097656
0 0.617188 0.728516 0.132812 0.097656
0 0.708984 0.513672 0.136719 0.074219
0 0.703125 0.482422 0.140625 0.082031
0 0.738281 0.871094 0.093750 0.062500
0 0.826172 0.898438 0.097656 0.062500
0 0.781250 0.121094 0.078125 0.062500
0 0.845703 0.107422 0.121094 0.097656
0 0.839844 0.080078 0.070312 0.058594
1 0.781250 0.283203 0.320312 0.214844
0 0.943359 0.416016 0.066406 0.082031
