0 0.253906 0.701172 0.093750 0.058594
0 0.720703 0.916016 0.097656 0.074219
0 0.546875 0.968750 0.078125 0.062500
1 0.740234 0.349609 0.207031 0.347656
0 0.804688 0.761719 0.070312 0.054688
0 0.396484 0.634766 0.097656 0.050781
0 0.480469 0.640625 0.078125 0.046875
0 0.548828 0.623047 0.074219 0.050781
0 0.335938 0.777344 0.078125 0.046875
0 0.390625 0.792969 0.085938 0.046875
0 0.146484 0.681641 0.058594 0.066406
0 0.130859 0.333984 0.058594 0.066406
0 0.150391 0.275391 0.066406 0.074219
0 0.289062 0.273438 0.132812 0.054688
0 0.974609 0.671875 0.050781 0.046875
0 0.984375 0.394531 0.031250 0.054688
0 0.181641 0.632812 0.058594 0.070312
0 0.867188 0.767578 0.070312 0.042969
