1 0.248047 0.189453 0.136719 0.121094
0 0.566406 0.103516 0.132812 0.105469
0 0.673828 0.173828 0.160156 0.089844
0 0.468750 0.458984 0.140625 0.066406
0 0.525391 0.634766 0.144531 0.082031
0 0.603516 0.591797 0.136719 0.066406
0 0.591797 0.533203 0.082031 0.074219
0 0.384766 0.685547 0.113281 0.074219
0 0.093750 0.757812 0.132812 0.093750
0 0.048828 0.126953 0.089844 0.113281
0 0.386719 0.138672 0.078125 0.097656
0 0.480469 0.255859 0.078125 0.097656
0 0.343750 0.949219 0.070312 0.101562
1 0.087891 0.904297 0.152344 0.089844
