0 0.148438 0.496094 0.109375 0.062500
0 0.054688 0.195312 0.085938 0.062500
0 0.431641 0.076172 0.089844 0.058594
0 0.511719 0.087891 0.085938 0.050781
0 0.652344 0.400391 0.109375 0.058594
0 0.488281 0.513672 0.117188 0.050781
0 0.181641 0.355469 0.082031 0.070312
0 0.246094 0.318359 0.078125 0.074219
0 0.138672 0.960938 0.121094 0.054688
0 0.304688 0.947266 0.093750 0.066406
0 0.746094 0.539062 0.070312 0.046875
0 0.812500 0.517578 0.070312 0.058594
0 0.943359 0.748047 0.113281 0.066406
0 0.031250 0.611328 0.054688 0.066406
0 0.984375 0.859375 0.031250 0.046875
0 0.871094 0.027344 0.117188 0.046875
