1 0.595703 0.539062 0.191406 0.148438
0 0.382812 0.396484 0.117188 0.058594
0 0.431641 0.388672 0.121094 0.074219
0 0.794922 0.220703 0.082031 0.074219
0 0.791016 0.277344 0.074219 0.078125
1 0.960938 0.060547 0.078125 0.113281
0 0.042969 0.578125 0.078125 0.070312
2 0.068359 0.601562 0.128906 0.093750
2 0.347656 0.744141 0.148438 0.042969
2 0.371094 0.775391 0.148438 0.042969
2 0.253906 0.876953 0.132812 0.082031
2 0.273438 0.904297 0.132812 0.082031
2 0.181641 0.326172 0.160156 0.050781
2 0.152344 0.285156 0.156250 0.039062
2 0.138672 0.123047 0.160156 0.050781
2 0.152344 0.095703 0.140625 0.050781
