1 0.778502 0.117264 0.273616 0.156352
0 0.644951 0.350163 0.078176 0.055375
0 0.897394 0.457655 0.081433 0.074919
0 0.752443 0.744300 0.078176 0.048860
1 0.361564 0.070033 0.214984 0.133550
1 0.066775 0.058632 0.127036 0.110749
0 0.208469 0.470684 0.065147 0.074919
1 0.584691 0.881107 0.244300 0.237785
0 0.550489 0.451140 0.117264 0.055375
0 0.372964 0.716612 0.100977 0.078176
0 0.094463 0.802932 0.143322 0.081433
0 0.252443 0.521173 0.068404 0.065147
0 0.716612 0.358306 0.071661 0.058632
0 0.954397 0.467427 0.065147 0.068404
0 0.814332 0.749186 0.071661 0.052117
0 0.970684 0.664495 0.058632 0.052117
0 0.977199 0.916938 0.045603 0.042345
0 0.157980 0.986971 0.061889 0.026059
