0 0.169922 0.203125 0.128906 0.093750
0 0.798828 0.673828 0.121094 0.050781
0 0.828125 0.958984 0.117188 0.082031
1 0.146484 0.064453 0.261719 0.121094
0 0.789062 0.705078 0.109375 0.066406
0 0.810547 0.976562 0.066406 0.046875
0 0.974609 0.716797 0.050781 0.042969
0 0.970703 0.755859 0.058594 0.058594
0 0.154297 0.986328 0.050781 0.027344
2 0.285156 0.441406 0.156250 0.062500
2 0.164062 0.736328 0.156250 0.050781
2 0.080078 0.265625 0.058594 0.148438
0 0.048828 0.257812 0.058594 0.117188
2 0.128906 0.707031 0.132812 0.046875
