0 0.134766 0.097656 0.082031 0.078125
0 0.162109 0.222656 0.089844 0.062500
0 0.037109 0.384766 0.066406 0.113281
0 0.191406 0.101562 0.093750 0.078125
0 0.726562 0.617188 0.085938 0.070312
0 0.664062 0.628906 0.085938 0.054688
0 0.371094 0.759766 0.109375 0.066406
0 0.193359 0.880859 0.136719 0.074219
0 0.273438 0.519531 0.101562 0.054688
0 0.302734 0.472656 0.097656 0.070312
0 0.380859 0.722656 0.097656 0.062500
1 0.863281 0.427734 0.273438 0.207031
1 0.291016 0.312500 0.136719 0.117188
0 0.820312 0.718750 0.078125 0.039062
0 0.019531 0.408203 0.031250 0.074219
1 0.066406 0.960938 0.125000 0.078125
0 0.093750 0.203125 0.085938 0.070312
