2 0.607317 0.768293 0.180488 0.102439
0 0.134146 0.814634 0.082927 0.136585
0 0.173171 0.648780 0.121951 0.097561
0 0.348780 0.614634 0.141463 0.068293
0 0.370732 0.487805 0.126829 0.097561
0 0.192683 0.170732 0.131707 0.068293
0 0.114634 0.326829 0.151220 0.078049
0 0.026829 0.419512 0.043902 0.078049
0 0.948780 0.973171 0.102439 0.043902
0 0.043902 0.973171 0.078049 0.053659
0 0.495122 0.085366 0.141463 0.112195
2 0.485366 0.124390 0.180488 0.102439
0 0.073171 0.787805 0.068293 0.092683
0 0.109756 0.868293 0.073171 0.107317
