1 0.605469 0.789062 0.312500 0.335938
2 0.158203 0.761719 0.042969 0.164062
2 0.181641 0.941406 0.050781 0.117188
2 0.046875 0.609375 0.085938 0.117188
1 0.398438 0.435547 0.109375 0.269531
2 0.257812 0.296875 0.039062 0.171875
1 0.431641 0.160156 0.152344 0.203125
1 0.804688 0.289062 0.132812 0.312500
0 0.082031 0.390625 0.070312 0.093750
0 0.986328 0.728516 0.027344 0.082031
0 0.986328 0.806641 0.027344 0.074219
0 0.460938 0.980469 0.046875 0.039062
0 0.029297 0.429688 0.050781 0.062500
0 0.976562 0.941406 0.039062 0.031250
2 0.300781 0.300781 0.039062 0.179688
2 0.064453 0.585938 0.074219 0.109375
2 0.191406 0.759766 0.031250 0.160156
2 0.220703 0.937500 0.042969 0.125000
