1 0.355469 0.083984 0.265625 0.160156
1 0.767578 0.132812 0.347656 0.203125
1 0.591797 0.873047 0.253906 0.253906
1 0.072266 0.064453 0.136719 0.121094
0 0.224609 0.486328 0.136719 0.089844
0 0.230469 0.525391 0.132812 0.082031
0 0.068359 0.806641 0.105469 0.082031
0 0.105469 0.816406 0.109375 0.085938
0 0.515625 0.466797 0.125000 0.066406
0 0.589844 0.462891 0.117188 0.074219
0 0.664062 0.345703 0.132812 0.066406
0 0.691406 0.375000 0.140625 0.062500
0 0.345703 0.722656 0.089844 0.078125
0 0.390625 0.718750 0.085938 0.093750
0 0.763672 0.769531 0.128906 0.085938
0 0.791016 0.750000 0.128906 0.062500
1 0.914062 0.478516 0.171875 0.121094
0 0.972656 0.650391 0.054688 0.050781
0 0.955078 0.683594 0.089844 0.054688
0 0.964844 0.919922 0.062500 0.058594
0 0.978516 0.949219 0.042969 0.046875
0 0.158203 0.986328 0.097656 0.027344
