0 0.402439 0.521951 0.082927 0.068293
0 0.341463 0.619512 0.146341 0.068293
0 0.165854 0.663415 0.156098 0.117073
0 0.107317 0.336585 0.165854 0.078049
0 0.185366 0.180488 0.146341 0.058537
0 0.575610 0.758537 0.136585 0.053659
1 0.104878 0.824390 0.151220 0.175610
1 0.480488 0.117073 0.190244 0.146341
0 0.021951 0.434146 0.034146 0.078049
0 0.909756 0.375610 0.112195 0.058537
0 0.953659 0.978049 0.092683 0.043902
0 0.634146 0.797561 0.126829 0.053659
0 0.329268 0.473171 0.082927 0.068293
0 0.039024 0.978049 0.068293 0.043902
0 0.978049 0.626829 0.043902 0.053659
0 0.907317 0.602439 0.117073 0.053659
