0 0.533203 0.523438 0.089844 0.046875
0 0.619141 0.421875 0.097656 0.070312
0 0.681641 0.402344 0.097656 0.070312
0 0.191406 0.343750 0.101562 0.101562
2 0.230469 0.357422 0.109375 0.128906
2 0.156250 0.509766 0.156250 0.074219
0 0.314453 0.955078 0.152344 0.082031
0 0.972656 0.767578 0.054688 0.058594
0 0.765625 0.531250 0.093750 0.093750
0 0.800781 0.542969 0.093750 0.093750
0 0.031250 0.189453 0.054688 0.066406
0 0.123047 0.968750 0.121094 0.062500
0 0.187500 0.972656 0.101562 0.054688
0 0.017578 0.611328 0.027344 0.050781
0 0.824219 0.021484 0.101562 0.035156
0 0.912109 0.035156 0.097656 0.062500
0 0.982422 0.839844 0.035156 0.039062
0 0.984375 0.873047 0.031250 0.042969
0 0.060547 0.646484 0.082031 0.074219
0 0.083984 0.218750 0.058594 0.070312
0 0.908203 0.750000 0.089844 0.062500
0 0.447266 0.523438 0.089844 0.046875
0 0.458984 0.078125 0.136719 0.054688
2 0.494141 0.101562 0.160156 0.054688
