0 0.267932 0.208861 0.105485 0.063291
0 0.204641 0.337553 0.105485 0.059072
0 0.073840 0.413502 0.113924 0.075949
0 0.251055 0.588608 0.097046 0.071730
0 0.392405 0.561181 0.092827 0.050633
0 0.411392 0.462025 0.080169 0.071730
0 0.506329 0.137131 0.101266 0.088608
0 0.497890 0.162447 0.101266 0.088608
0 0.597046 0.685654 0.130802 0.080169
0 0.879747 0.862869 0.088608 0.063291
0 0.873418 0.383966 0.118143 0.084388
0 0.341772 0.033755 0.084388 0.059072
0 0.421941 0.033755 0.092827 0.050633
0 0.565401 0.021097 0.109705 0.033755
0 0.953586 0.561181 0.092827 0.075949
0 0.369198 0.983122 0.080169 0.033755
1 0.194093 0.727848 0.092827 0.122363
1 0.147679 0.892405 0.109705 0.105485
