0 0.507812 0.609375 0.070312 0.101562
0 0.615234 0.605469 0.066406 0.109375
0 0.662109 0.740234 0.089844 0.105469
0 0.417969 0.830078 0.046875 0.121094
0 0.285156 0.796875 0.054688 0.109375
0 0.089844 0.753906 0.046875 0.093750
0 0.083984 0.666016 0.050781 0.097656
0 0.029297 0.570312 0.050781 0.078125
0 0.035156 0.496094 0.054688 0.078125
0 0.511719 0.910156 0.062500 0.070312
0 0.550781 0.966797 0.070312 0.058594
0 0.691406 0.417969 0.054688 0.078125
0 0.701172 0.337891 0.050781 0.089844
0 0.826172 0.074219 0.089844 0.101562
0 0.347656 0.128906 0.046875 0.070312
0 0.337891 0.193359 0.050781 0.082031
1 0.503906 0.105469 0.093750 0.203125
0 0.169922 0.570312 0.058594 0.125000
2 0.207031 0.572266 0.062500 0.136719
2 0.972656 0.791016 0.046875 0.089844
0 0.794922 0.753906 0.105469 0.085938
0 0.839844 0.755859 0.070312 0.074219
0 0.783203 0.798828 0.074219 0.066406
0 0.960938 0.777344 0.070312 0.101562
