0 0.205078 0.460938 0.082031 0.054688
0 0.271484 0.451172 0.082031 0.058594
0 0.521484 0.263672 0.105469 0.097656
0 0.382812 0.677734 0.148438 0.074219
0 0.529297 0.757812 0.050781 0.125000
0 0.556641 0.785156 0.050781 0.109375
0 0.527344 0.947266 0.062500 0.105469
0 0.322266 0.937500 0.066406 0.085938
0 0.750000 0.144531 0.101562 0.117188
1 0.796875 0.271484 0.101562 0.253906
0 0.039062 0.523438 0.070312 0.062500
0 0.513672 0.111328 0.050781 0.074219
0 0.650391 0.958984 0.050781 0.082031
0 0.308594 0.958984 0.046875 0.042969
