1 0.554688 0.425781 0.156250 0.218750
1 0.679688 0.800781 0.304688 0.187500
1 0.085938 0.203125 0.164062 0.242188
0 0.095703 0.451172 0.089844 0.058594
0 0.146484 0.509766 0.082031 0.074219
0 0.312500 0.857422 0.101562 0.050781
0 0.261719 0.884766 0.101562 0.050781
0 0.800781 0.632812 0.109375 0.085938
0 0.783203 0.662109 0.105469 0.082031
0 0.945312 0.216797 0.109375 0.082031
0 0.945312 0.173828 0.093750 0.066406
0 0.148438 0.021484 0.125000 0.035156
0 0.183594 0.042969 0.117188 0.039062
1 0.423828 0.914062 0.113281 0.171875
0 0.015625 0.943359 0.023438 0.035156
0 0.017578 0.373047 0.027344 0.074219
0 0.021484 0.976562 0.035156 0.046875
