1 0.223247 0.553506 0.313653 0.265683
0 0.649446 0.051661 0.059041 0.095941
0 0.461255 0.036900 0.103321 0.051661
0 0.808118 0.411439 0.088561 0.077491
2 0.291513 0.129151 0.110701 0.081181
2 0.088561 0.130996 0.110701 0.092251
2 0.533210 0.370849 0.136531 0.055351
0 0.645756 0.416974 0.088561 0.066421
0 0.715867 0.271218 0.081181 0.047970
0 0.760148 0.311808 0.081181 0.055351
2 0.872694 0.483395 0.114391 0.081181
0 0.736162 0.845018 0.084871 0.059041
0 0.776753 0.804428 0.084871 0.059041
0 0.599631 0.787823 0.121771 0.084871
2 0.201107 0.955720 0.121771 0.081181
2 0.097786 0.983395 0.136531 0.033210
0 0.012915 0.900369 0.018450 0.044280
0 0.016605 0.402214 0.025830 0.059041
