0 0.687805 0.314634 0.087805 0.063415
0 0.136585 0.468293 0.087805 0.078049
1 0.704878 0.919512 0.092683 0.160976
0 0.814634 0.807317 0.078049 0.082927
0 0.343902 0.770732 0.151220 0.087805
0 0.573171 0.448780 0.160976 0.068293
1 0.829268 0.065854 0.292683 0.121951
0 0.195122 0.519512 0.087805 0.082927
0 0.895122 0.814634 0.092683 0.058537
0 0.773171 0.326829 0.092683 0.068293
0 0.973171 0.441463 0.053659 0.063415
0 0.036585 0.870732 0.063415 0.073171
0 0.258537 0.021951 0.097561 0.034146
0 0.395122 0.009756 0.068293 0.009756
