0 0.053812 0.246637 0.098655 0.071749
0 0.123318 0.280269 0.103139 0.067265
0 0.275785 0.334081 0.103139 0.076233
0 0.352018 0.307175 0.103139 0.076233
0 0.367713 0.491031 0.134529 0.076233
0 0.417040 0.468610 0.134529 0.076233
2 0.136771 0.961883 0.147982 0.076233
0 0.973094 0.051570 0.053812 0.058296
0 0.986547 0.271300 0.026906 0.058296
0 0.939462 0.975336 0.121076 0.049327
0 0.154709 0.937220 0.156951 0.071749
2 0.573991 0.376682 0.125561 0.098655
2 0.598655 0.392377 0.130045 0.103139
2 0.482063 0.121076 0.121076 0.143498
2 0.497758 0.100897 0.116592 0.139013
