0 0.445312 0.228516 0.125000 0.089844
0 0.417969 0.248047 0.125000 0.089844
0 0.289062 0.296875 0.085938 0.054688
0 0.355469 0.324219 0.085938 0.054688
0 0.519531 0.390625 0.070312 0.093750
0 0.605469 0.265625 0.070312 0.093750
0 0.527344 0.597656 0.125000 0.070312
0 0.408203 0.671875 0.074219 0.078125
0 0.367188 0.732422 0.085938 0.058594
0 0.414062 0.728516 0.085938 0.058594
0 0.472656 0.771484 0.140625 0.089844
0 0.613281 0.824219 0.109375 0.078125
0 0.886719 0.896484 0.085938 0.097656
0 0.917969 0.892578 0.085938 0.097656
0 0.953125 0.267578 0.085938 0.097656
1 0.753906 0.326172 0.132812 0.144531
