0 0.812500 0.736328 0.109375 0.058594
0 0.117188 0.787109 0.101562 0.074219
0 0.392578 0.697266 0.089844 0.074219
0 0.246094 0.480469 0.078125 0.085938
0 0.578125 0.437500 0.101562 0.054688
0 0.320312 0.082031 0.085938 0.070312
0 0.716797 0.341797 0.113281 0.050781
1 0.810547 0.099609 0.261719 0.128906
0 0.675781 0.810547 0.062500 0.074219
0 0.671875 0.880859 0.039062 0.082031
0 0.705078 0.892578 0.042969 0.082031
0 0.533203 0.947266 0.082031 0.050781
0 0.601562 0.943359 0.085938 0.042969
0 0.908203 0.441406 0.082031 0.054688
