1 0.222656 0.123047 0.296875 0.175781
1 0.636719 0.072266 0.226562 0.136719
0 0.283203 0.361328 0.082031 0.058594
0 0.408203 0.455078 0.082031 0.058594
0 0.798828 0.466797 0.074219 0.074219
0 0.050781 0.460938 0.078125 0.070312
0 0.187500 0.748047 0.070312 0.074219
1 0.410156 0.878906 0.234375 0.242188
0 0.601562 0.720703 0.070312 0.058594
0 0.875000 0.796875 0.078125 0.062500
1 0.935547 0.064453 0.128906 0.121094
0 0.744141 0.523438 0.074219 0.078125
0 0.650391 0.699219 0.074219 0.062500
0 0.253906 0.751953 0.078125 0.066406
0 0.482422 0.458984 0.074219 0.066406
0 0.355469 0.351562 0.093750 0.046875
0 0.099609 0.464844 0.089844 0.078125
0 0.947266 0.814453 0.074219 0.058594
0 0.031250 0.916016 0.054688 0.050781
0 0.031250 0.671875 0.054688 0.054688
0 0.839844 0.990234 0.085938 0.019531
