0 0.191406 0.529297 0.078125 0.074219
0 0.240234 0.537109 0.074219 0.066406
0 0.343750 0.408203 0.125000 0.058594
0 0.500000 0.521484 0.125000 0.058594
0 0.847656 0.500000 0.117188 0.054688
0 0.751953 0.335938 0.082031 0.085938
0 0.806641 0.353516 0.074219 0.082031
0 0.939453 0.199219 0.105469 0.070312
0 0.548828 0.076172 0.089844 0.050781
0 0.490234 0.091797 0.105469 0.050781
0 0.685547 0.953125 0.105469 0.070312
0 0.814453 0.968750 0.074219 0.054688
0 0.115234 0.029297 0.136719 0.050781
0 0.056641 0.748047 0.105469 0.082031
0 0.013672 0.859375 0.019531 0.039062
0 0.962891 0.621094 0.074219 0.078125
0 0.882812 0.960938 0.078125 0.054688
