0 0.596296 0.346296 0.051852 0.085185
0 0.805556 0.585185 0.055556 0.074074
0 0.116667 0.201852 0.048148 0.100000
0 0.088889 0.190741 0.037037 0.100000
0 0.138889 0.442593 0.077778 0.077778
0 0.079630 0.087037 0.107407 0.085185
0 0.827778 0.644444 0.070370 0.059259
0 0.553704 0.400000 0.070370 0.074074
0 0.568519 0.418519 0.070370 0.074074
0 0.296296 0.838889 0.096296 0.062963
0 0.437037 0.862963 0.051852 0.074074
0 0.448148 0.922222 0.051852 0.074074
0 0.470370 0.907407 0.059259 0.081481
1 0.712963 0.753704 0.248148 0.137037
