0 0.449219 0.283203 0.101562 0.058594
0 0.496094 0.300781 0.117188 0.070312
0 0.507812 0.449219 0.093750 0.070312
0 0.320312 0.535156 0.101562 0.054688
0 0.353516 0.488281 0.105469 0.054688
0 0.654297 0.693359 0.113281 0.105469
0 0.541016 0.876953 0.097656 0.089844
0 0.527344 0.927734 0.093750 0.089844
0 0.732422 0.929688 0.050781 0.085938
0 0.640625 0.984375 0.140625 0.031250
1 0.064453 0.589844 0.121094 0.101562
1 0.794922 0.236328 0.160156 0.246094
1 0.078125 0.312500 0.148438 0.093750
0 0.974609 0.451172 0.050781 0.050781
0 0.253906 0.986328 0.062500 0.027344
0 0.751953 0.849609 0.066406 0.082031
