0 0.425121 0.103865 0.135266 0.111111
0 0.601449 0.130435 0.082126 0.096618
0 0.277778 0.161836 0.082126 0.072464
0 0.345411 0.178744 0.101449 0.067633
0 0.507246 0.258454 0.077295 0.072464
0 0.521739 0.458937 0.115942 0.067633
0 0.400966 0.531401 0.086957 0.086957
0 0.384058 0.591787 0.140097 0.072464
0 0.466184 0.630435 0.140097 0.072464
0 0.603865 0.688406 0.125604 0.082126
1 0.751208 0.188406 0.130435 0.135266
0 0.896135 0.760870 0.130435 0.091787
0 0.900966 0.915459 0.169082 0.101449
0 0.946860 0.128019 0.096618 0.111111
0 0.647343 0.939614 0.096618 0.111111
