1 0.857422 0.058594 0.230469 0.109375
0 0.824219 0.195312 0.093750 0.085938
0 0.908203 0.273438 0.058594 0.101562
0 0.947266 0.246094 0.058594 0.109375
0 0.707031 0.433594 0.117188 0.062500
0 0.800781 0.726562 0.109375 0.054688
0 0.880859 0.697266 0.097656 0.066406
0 0.210938 0.705078 0.093750 0.058594
0 0.175781 0.666016 0.093750 0.066406
0 0.169922 0.958984 0.082031 0.082031
0 0.841797 0.984375 0.058594 0.031250
0 0.171875 0.982422 0.062500 0.035156
0 0.021484 0.712891 0.035156 0.058594
0 0.015625 0.753906 0.023438 0.039062
