0 0.359375 0.765625 0.046875 0.117188
0 0.585938 0.878906 0.085938 0.101562
0 0.572266 0.693359 0.066406 0.074219
1 0.896484 0.558594 0.207031 0.195312
0 0.466797 0.505859 0.074219 0.097656
0 0.560547 0.441406 0.066406 0.085938
0 0.537109 0.251953 0.058594 0.082031
1 0.384766 0.240234 0.152344 0.144531
1 0.210938 0.162109 0.406250 0.269531
0 0.851562 0.095703 0.062500 0.097656
0 0.585938 0.931641 0.078125 0.082031
0 0.394531 0.800781 0.054688 0.117188
0 0.595703 0.765625 0.066406 0.085938
0 0.478516 0.468750 0.074219 0.085938
0 0.552734 0.513672 0.058594 0.074219
0 0.523438 0.326172 0.062500 0.089844
0 0.867188 0.039062 0.062500 0.070312
0 0.984375 0.890625 0.031250 0.054688
0 0.013672 0.347656 0.019531 0.039062
