1 0.462891 0.416016 0.199219 0.160156
0 0.130859 0.484375 0.097656 0.054688
0 0.093750 0.517578 0.093750 0.050781
0 0.470703 0.623047 0.082031 0.121094
0 0.525391 0.648438 0.089844 0.109375
0 0.523438 0.978516 0.078125 0.042969
0 0.478516 0.984375 0.050781 0.031250
0 0.906250 0.738281 0.101562 0.054688
2 0.630859 0.837891 0.121094 0.121094
2 0.630859 0.873047 0.121094 0.121094
2 0.775391 0.404297 0.121094 0.113281
2 0.775391 0.375000 0.113281 0.109375
2 0.933594 0.337891 0.132812 0.066406
2 0.933594 0.365234 0.132812 0.066406
