1 0.141204 0.435185 0.273148 0.212963
0 0.277778 0.636574 0.101852 0.078704
0 0.319444 0.622685 0.101852 0.078704
0 0.608796 0.756944 0.152778 0.097222
0 0.618056 0.729167 0.134259 0.097222
0 0.708333 0.513889 0.138889 0.074074
0 0.703704 0.481481 0.138889 0.083333
0 0.738426 0.870370 0.097222 0.064815
0 0.826389 0.898148 0.097222 0.064815
0 0.780093 0.120370 0.078704 0.064815
0 0.847222 0.108796 0.120370 0.097222
0 0.840278 0.081019 0.069444 0.060185
1 0.780093 0.282407 0.319444 0.212963
0 0.944444 0.416667 0.064815 0.083333
