1 0.289062 0.427734 0.351562 0.269531
1 0.662109 0.259766 0.253906 0.121094
1 0.916016 0.312500 0.167969 0.156250
0 0.167969 0.025391 0.125000 0.042969
0 0.371094 0.019531 0.125000 0.031250
0 0.806641 0.144531 0.113281 0.062500
0 0.810547 0.175781 0.128906 0.062500
0 0.662109 0.644531 0.121094 0.046875
0 0.705078 0.681641 0.105469 0.042969
0 0.830078 0.673828 0.105469 0.058594
0 0.824219 0.703125 0.125000 0.062500
0 0.089844 0.234375 0.023438 0.031250
0 0.089844 0.275391 0.023438 0.050781
0 0.082031 0.767578 0.023438 0.035156
1 0.238281 0.820312 0.234375 0.070312
