1 0.826493 0.210821 0.167910 0.250000
0 0.533582 0.421642 0.089552 0.059701
0 0.326493 0.501866 0.070896 0.055970
0 0.673507 0.660448 0.085821 0.089552
0 0.460821 0.257463 0.070896 0.059701
0 0.539179 0.901119 0.063433 0.078358
0 0.763060 0.860075 0.063433 0.115672
0 0.658582 0.957090 0.100746 0.055970
0 0.076493 0.300373 0.100746 0.048507
0 0.121269 0.276119 0.093284 0.089552
1 0.069030 0.557836 0.130597 0.085821
0 0.305970 0.977612 0.074627 0.044776
0 0.572761 0.845149 0.055970 0.070896
0 0.382463 0.470149 0.063433 0.067164
0 0.524254 0.268657 0.078358 0.052239
