0 0.514634 0.448780 0.170732 0.097561
1 0.875610 0.178049 0.219512 0.317073
0 0.287805 0.543902 0.165854 0.082927
0 0.312195 0.507317 0.156098 0.087805
0 0.668293 0.712195 0.126829 0.078049
0 0.729268 0.780488 0.121951 0.078049
0 0.048780 0.280488 0.087805 0.092683
0 0.039024 0.321951 0.068293 0.068293
0 0.026829 0.602439 0.043902 0.053659
0 0.029268 0.648780 0.048780 0.058537
0 0.563415 0.958537 0.102439 0.073171
0 0.592683 0.980488 0.063415 0.039024
0 0.800000 0.946341 0.107317 0.107317
1 0.475610 0.251220 0.180488 0.121951
