0 0.212195 0.400000 0.092683 0.068293
0 0.453659 0.412195 0.097561 0.063415
0 0.458537 0.521951 0.117073 0.078049
0 0.758537 0.460976 0.092683 0.073171
0 0.800000 0.734146 0.136585 0.053659
1 0.151220 0.578049 0.175610 0.200000
1 0.068293 0.846341 0.126829 0.307317
1 0.658537 0.085366 0.253659 0.160976
0 0.304878 0.436585 0.102439 0.082927
0 0.502439 0.543902 0.126829 0.082927
0 0.846341 0.453659 0.102439 0.058537
0 0.843902 0.707317 0.136585 0.068293
0 0.529268 0.446341 0.082927 0.063415
0 0.963415 0.502439 0.073171 0.058537
