0 0.734375 0.687500 0.109375 0.046875
1 0.216797 0.566406 0.128906 0.164062
0 0.460938 0.427734 0.078125 0.066406
2 0.302734 0.431641 0.152344 0.097656
0 0.464844 0.517578 0.085938 0.066406
2 0.732422 0.458984 0.144531 0.050781
0 0.892578 0.490234 0.113281 0.074219
1 0.626953 0.115234 0.199219 0.222656
1 0.103516 0.724609 0.199219 0.441406
0 0.105469 0.050781 0.093750 0.054688
0 0.164062 0.078125 0.109375 0.046875
0 0.523438 0.458984 0.070312 0.066406
0 0.937500 0.505859 0.093750 0.074219
0 0.775391 0.664062 0.105469 0.054688
0 0.248047 0.968750 0.074219 0.062500
0 0.976562 0.095703 0.046875 0.066406
0 0.500000 0.537109 0.101562 0.074219
