0 0.095703 0.175781 0.066406 0.078125
0 0.478516 0.234375 0.042969 0.117188
0 0.558594 0.226562 0.070312 0.085938
0 0.630859 0.341797 0.082031 0.089844
0 0.591797 0.519531 0.074219 0.085938
0 0.527344 0.767578 0.054688 0.105469
0 0.505859 0.474609 0.050781 0.066406
0 0.507812 0.527344 0.046875 0.070312
0 0.312500 0.738281 0.046875 0.132812
0 0.464844 0.929688 0.046875 0.132812
0 0.837891 0.667969 0.042969 0.101562
0 0.810547 0.736328 0.074219 0.074219
0 0.853516 0.746094 0.082031 0.062500
0 0.261719 0.072266 0.093750 0.074219
0 0.212891 0.111328 0.074219 0.074219
0 0.271484 0.121094 0.089844 0.039062
0 0.406250 0.099609 0.125000 0.066406
0 0.535156 0.062500 0.101562 0.085938
