0 0.261719 0.462891 0.093750 0.089844
0 0.111328 0.177734 0.089844 0.066406
0 0.150391 0.064453 0.105469 0.066406
0 0.685547 0.582031 0.097656 0.062500
0 0.359375 0.707031 0.085938 0.093750
0 0.173828 0.849609 0.082031 0.058594
0 0.052734 0.923828 0.097656 0.058594
0 0.263672 0.248047 0.066406 0.066406
0 0.294922 0.300781 0.074219 0.070312
0 0.828125 0.326172 0.078125 0.050781
0 0.917969 0.460938 0.117188 0.054688
0 0.900391 0.376953 0.105469 0.066406
0 0.810547 0.679688 0.074219 0.039062
0 0.029297 0.369141 0.050781 0.082031
0 0.755859 0.320312 0.089844 0.054688
