0 0.505859 0.513672 0.105469 0.058594
0 0.191406 0.519531 0.070312 0.054688
0 0.253906 0.537109 0.062500 0.066406
0 0.125000 0.027344 0.109375 0.046875
0 0.490234 0.083984 0.089844 0.050781
0 0.564453 0.074219 0.082031 0.046875
0 0.755859 0.318359 0.082031 0.074219
0 0.816406 0.357422 0.078125 0.066406
0 0.851562 0.492188 0.101562 0.070312
0 0.859375 0.960938 0.132812 0.062500
0 0.693359 0.947266 0.097656 0.058594
0 0.052734 0.746094 0.097656 0.062500
0 0.945312 0.193359 0.093750 0.066406
0 0.343750 0.400391 0.117188 0.058594
0 0.970703 0.611328 0.058594 0.058594
0 0.015625 0.861328 0.023438 0.042969
