0 0.023438 0.664062 0.039062 0.132812
0 0.191406 0.724609 0.109375 0.074219
0 0.048828 0.820312 0.089844 0.109375
0 0.152344 0.181641 0.078125 0.066406
0 0.283203 0.257812 0.113281 0.093750
0 0.669922 0.083984 0.097656 0.082031
0 0.613281 0.351562 0.109375 0.062500
0 0.658203 0.328125 0.089844 0.054688
0 0.943359 0.421875 0.105469 0.054688
0 0.859375 0.501953 0.078125 0.050781
0 0.722656 0.664062 0.070312 0.093750
0 0.638672 0.966797 0.121094 0.066406
0 0.800781 0.472656 0.078125 0.070312
0 0.214844 0.164062 0.070312 0.062500
