1 0.214844 0.500000 0.312500 0.273438
0 0.800781 0.363281 0.093750 0.085938
1 0.134766 0.902344 0.230469 0.062500
2 0.597656 0.738281 0.132812 0.085938
0 0.728516 0.792969 0.097656 0.054688
0 0.757812 0.750000 0.093750 0.054688
0 0.714844 0.218750 0.101562 0.054688
0 0.738281 0.253906 0.101562 0.054688
0 0.875000 0.419922 0.093750 0.042969
0 0.849609 0.449219 0.089844 0.046875
0 0.263672 0.062500 0.089844 0.054688
0 0.298828 0.091797 0.082031 0.042969
0 0.062500 0.056641 0.101562 0.058594
0 0.107422 0.099609 0.097656 0.058594
0 0.013672 0.353516 0.019531 0.035156
0 0.009766 0.845703 0.011719 0.042969
0 0.498047 0.320312 0.082031 0.054688
0 0.638672 0.027344 0.066406 0.046875
0 0.562500 0.318359 0.078125 0.058594
0 0.634766 0.361328 0.113281 0.066406
