0 0.193237 0.528986 0.077295 0.072464
0 0.239130 0.536232 0.072464 0.067633
2 0.342995 0.408213 0.125604 0.062802
2 0.500000 0.521739 0.120773 0.057971
0 0.847826 0.500000 0.120773 0.053140
0 0.751208 0.335749 0.082126 0.082126
0 0.806763 0.355072 0.077295 0.082126
0 0.939614 0.200483 0.101449 0.072464
0 0.548309 0.077295 0.091787 0.048309
0 0.490338 0.091787 0.101449 0.048309
0 0.685990 0.954106 0.106280 0.072464
2 0.845411 0.966184 0.135266 0.057971
2 0.123188 0.026570 0.140097 0.043478
2 0.057971 0.746377 0.106280 0.082126
0 0.014493 0.859903 0.019324 0.038647
0 0.963768 0.620773 0.072464 0.082126
