0 0.134146 0.295122 0.112195 0.063415
0 0.209756 0.136585 0.117073 0.058537
0 0.390244 0.453659 0.107317 0.087805
0 0.365854 0.580488 0.107317 0.068293
0 0.187805 0.612195 0.121951 0.092683
2 0.624390 0.734146 0.156098 0.092683
0 0.497561 0.087805 0.126829 0.087805
0 0.512195 0.051220 0.117073 0.082927
0 0.029268 0.392683 0.048780 0.063415
0 0.948780 0.348780 0.102439 0.082927
0 0.958537 0.956098 0.082927 0.078049
0 0.036585 0.973171 0.063415 0.053659
0 0.080488 0.965854 0.112195 0.068293
0 0.148780 0.770732 0.082927 0.126829
2 0.109756 0.795122 0.112195 0.165854
