0 0.506944 0.513889 0.106481 0.055556
0 0.192130 0.518519 0.069444 0.055556
0 0.254630 0.537037 0.064815 0.064815
0 0.125000 0.027778 0.111111 0.046296
0 0.490741 0.085648 0.092593 0.050926
0 0.564815 0.074074 0.083333 0.046296
0 0.754630 0.319444 0.083333 0.074074
0 0.817130 0.356481 0.078704 0.064815
0 0.851852 0.493056 0.101852 0.069444
0 0.858796 0.960648 0.134259 0.060185
0 0.692130 0.946759 0.097222 0.060185
0 0.053241 0.745370 0.097222 0.064815
0 0.944444 0.194444 0.092593 0.064815
0 0.344907 0.400463 0.115741 0.060185
0 0.969907 0.611111 0.060185 0.055556
0 0.016204 0.861111 0.023148 0.046296
