1 0.218750 0.566406 0.312500 0.273438
0 0.804688 0.421875 0.093750 0.085938
0 0.642578 0.058594 0.066406 0.109375
1 0.146484 0.968750 0.230469 0.062500
0 0.570312 0.789062 0.085938 0.062500
0 0.638672 0.818359 0.074219 0.058594
0 0.732422 0.855469 0.097656 0.054688
0 0.761719 0.808594 0.093750 0.054688
0 0.718750 0.277344 0.101562 0.054688
0 0.746094 0.316406 0.101562 0.054688
0 0.878906 0.478516 0.093750 0.042969
0 0.857422 0.511719 0.089844 0.046875
0 0.457031 0.039062 0.132812 0.054688
0 0.273438 0.119141 0.085938 0.042969
0 0.306641 0.154297 0.082031 0.042969
0 0.066406 0.113281 0.101562 0.054688
0 0.107422 0.158203 0.097656 0.058594
0 0.017578 0.410156 0.027344 0.054688
0 0.015625 0.910156 0.023438 0.054688
1 0.578125 0.408203 0.234375 0.105469
