1 0.087549 0.322957 0.167315 0.116732
1 0.797665 0.241245 0.178988 0.256809
1 0.070039 0.591440 0.132296 0.108949
1 0.680934 0.910506 0.210117 0.178988
0 0.509728 0.463035 0.132296 0.077821
0 0.636187 0.673152 0.097276 0.062257
0 0.680934 0.723735 0.101167 0.062257
0 0.533074 0.892996 0.108949 0.097276
0 0.540856 0.920233 0.116732 0.105058
0 0.019455 0.426070 0.031128 0.050584
0 0.978599 0.451362 0.042802 0.054475
0 0.241245 0.980545 0.077821 0.038911
0 0.338521 0.500000 0.124514 0.066148
0 0.330739 0.535019 0.124514 0.066148
1 0.476654 0.295720 0.167315 0.093385
