0 0.233871 0.497984 0.104839 0.068548
0 0.360887 0.372984 0.100806 0.060484
0 0.518145 0.485887 0.092742 0.060484
0 0.794355 0.312500 0.129032 0.092742
0 0.862903 0.463710 0.096774 0.056452
0 0.705645 0.919355 0.096774 0.056452
0 0.868952 0.927419 0.108871 0.056452
0 0.062500 0.719758 0.092742 0.060484
0 0.508065 0.048387 0.088710 0.056452
0 0.578629 0.044355 0.068548 0.048387
0 0.953629 0.165323 0.084677 0.056452
0 0.012097 0.822581 0.016129 0.048387
0 0.981855 0.588710 0.036290 0.064516
0 0.125000 0.012097 0.064516 0.016129
