1 0.451172 0.142578 0.347656 0.261719
0 0.300781 0.248047 0.101562 0.058594
0 0.208984 0.251953 0.105469 0.050781
0 0.203125 0.373047 0.109375 0.074219
0 0.169922 0.392578 0.113281 0.066406
0 0.382812 0.482422 0.125000 0.058594
0 0.396484 0.521484 0.121094 0.050781
1 0.275391 0.714844 0.332031 0.289062
1 0.585938 0.724609 0.187500 0.074219
1 0.132812 0.935547 0.171875 0.128906
1 0.068359 0.470703 0.128906 0.121094
1 0.878906 0.572266 0.242188 0.152344
1 0.857422 0.425781 0.167969 0.085938
0 0.873047 0.900391 0.121094 0.050781
0 0.847656 0.931641 0.117188 0.050781
0 0.013672 0.953125 0.019531 0.062500
0 0.978516 0.968750 0.042969 0.054688
