0 0.828125 0.201172 0.125000 0.082031
0 0.191406 0.671875 0.125000 0.046875
0 0.203125 0.707031 0.117188 0.054688
0 0.023438 0.716797 0.039062 0.042969
0 0.027344 0.755859 0.046875 0.035156
1 0.845703 0.064453 0.261719 0.121094
0 0.160156 0.960938 0.101562 0.078125
0 0.183594 0.978516 0.062500 0.042969
0 0.835938 0.986328 0.062500 0.027344
2 0.828125 0.732422 0.156250 0.050781
2 0.865234 0.707031 0.136719 0.046875
2 0.708984 0.441406 0.160156 0.062500
2 0.916016 0.263672 0.058594 0.144531
0 0.949219 0.255859 0.054688 0.121094
