1 0.220339 0.562712 0.311864 0.271186
0 0.806780 0.425424 0.094915 0.084746
0 0.644068 0.057627 0.061017 0.108475
1 0.145763 0.967797 0.230508 0.064407
2 0.605085 0.803390 0.132203 0.074576
0 0.732203 0.854237 0.094915 0.054237
0 0.762712 0.810169 0.094915 0.054237
0 0.718644 0.277966 0.101695 0.054237
0 0.745763 0.315254 0.101695 0.054237
0 0.879661 0.477966 0.091525 0.040678
0 0.857627 0.511864 0.088136 0.047458
2 0.454237 0.040678 0.135593 0.054237
0 0.272881 0.120339 0.084746 0.044068
0 0.306780 0.154237 0.084746 0.044068
0 0.066102 0.113559 0.098305 0.057627
0 0.106780 0.157627 0.098305 0.057627
0 0.505085 0.381356 0.081356 0.057627
0 0.016949 0.413559 0.027119 0.054237
0 0.011864 0.913559 0.016949 0.050847
0 0.571186 0.383051 0.077966 0.054237
0 0.645763 0.427119 0.105085 0.061017
