1 0.593750 0.527344 0.156250 0.132812
0 0.417969 0.380859 0.125000 0.058594
0 0.320312 0.740234 0.078125 0.058594
0 0.390625 0.759766 0.085938 0.058594
0 0.228516 0.884766 0.074219 0.042969
0 0.302734 0.878906 0.066406 0.062500
0 0.125000 0.287109 0.093750 0.058594
0 0.212891 0.314453 0.097656 0.050781
0 0.101562 0.113281 0.093750 0.054688
0 0.175781 0.099609 0.070312 0.058594
0 0.796875 0.226562 0.062500 0.101562
0 0.070312 0.582031 0.101562 0.078125
0 0.015625 0.603516 0.023438 0.058594
0 0.984375 0.048828 0.031250 0.089844
0 0.958984 0.048828 0.042969 0.089844
