0 0.488281 0.427734 0.093750 0.074219
0 0.154297 0.814453 0.058594 0.089844
0 0.136719 0.058594 0.125000 0.078125
0 0.062500 0.539062 0.054688 0.062500
0 0.722656 0.666016 0.078125 0.058594
0 0.626953 0.019531 0.082031 0.031250
0 0.097656 0.654297 0.078125 0.066406
1 0.634766 0.150391 0.167969 0.121094
0 0.160156 0.880859 0.085938 0.082031
0 0.208984 0.521484 0.089844 0.082031
0 0.267578 0.595703 0.066406 0.066406
0 0.121094 0.720703 0.046875 0.066406
0 0.740234 0.460938 0.097656 0.062500
0 0.681641 0.042969 0.089844 0.039062
0 0.103516 0.835938 0.050781 0.101562
0 0.521484 0.527344 0.074219 0.062500
0 0.210938 0.597656 0.070312 0.054688
0 0.955078 0.490234 0.066406 0.058594
0 0.880859 0.494141 0.089844 0.066406
0 0.310547 0.425781 0.097656 0.070312
0 0.453125 0.523438 0.070312 0.062500
0 0.792969 0.664062 0.078125 0.054688
0 0.035156 0.591797 0.062500 0.066406
0 0.072266 0.591797 0.050781 0.082031
