0 0.302222 0.433333 0.133333 0.084444
0 0.486667 0.442222 0.128889 0.084444
0 0.744444 0.464444 0.128889 0.057778
1 0.626667 0.157778 0.186667 0.146667
0 0.891111 0.493333 0.102222 0.071111
0 0.635556 0.022222 0.115556 0.035556
0 0.457778 0.520000 0.088889 0.062222
0 0.728889 0.684444 0.088889 0.053333
2 0.128889 0.060000 0.142222 0.057778
1 0.108889 0.728889 0.200000 0.426667
0 0.511111 0.533333 0.088889 0.062222
0 0.946667 0.500000 0.088889 0.066667
0 0.784444 0.664444 0.102222 0.057778
0 0.671111 0.051111 0.124444 0.040000
1 0.226667 0.560000 0.124444 0.151111
0 0.240000 0.973333 0.062222 0.053333
0 0.982222 0.088889 0.035556 0.062222
