0 0.378906 0.767578 0.101562 0.082031
0 0.328125 0.392578 0.078125 0.066406
0 0.175781 0.386719 0.070312 0.085938
1 0.716797 0.480469 0.222656 0.171875
1 0.855469 0.617188 0.117188 0.085938
0 0.248047 0.810547 0.066406 0.058594
0 0.109375 0.457031 0.101562 0.078125
0 0.216797 0.279297 0.066406 0.066406
0 0.443359 0.343750 0.128906 0.062500
0 0.769531 0.927734 0.101562 0.082031
0 0.882812 0.103516 0.093750 0.097656
0 0.685547 0.101562 0.105469 0.085938
0 0.189453 0.980469 0.097656 0.039062
0 0.982422 0.880859 0.035156 0.042969
0 0.978516 0.367188 0.042969 0.062500
0 0.332031 0.033203 0.062500 0.058594
0 0.521484 0.017578 0.105469 0.027344
1 0.892578 0.968750 0.113281 0.062500
0 0.267578 0.244141 0.058594 0.058594
0 0.201172 0.777344 0.066406 0.062500
