1 0.479866 0.191275 0.161074 0.120805
0 0.372483 0.597315 0.120805 0.046980
0 0.414430 0.508389 0.077181 0.063758
0 0.365772 0.479866 0.073826 0.060403
0 0.229866 0.627517 0.117450 0.087248
0 0.184564 0.367450 0.134228 0.063758
0 0.250000 0.239933 0.124161 0.050336
0 0.511745 0.025168 0.097315 0.043624
0 0.568792 0.050336 0.097315 0.053691
0 0.395973 0.060403 0.120805 0.067114
0 0.333893 0.065436 0.110738 0.070470
0 0.558725 0.704698 0.104027 0.046980
1 0.135906 0.927852 0.137584 0.124161
1 0.177852 0.763423 0.107383 0.151007
0 0.892617 0.892617 0.067114 0.046980
1 0.892617 0.583893 0.214765 0.093960
0 0.828859 0.402685 0.093960 0.046980
0 0.981544 0.968121 0.036913 0.063758
0 0.835570 0.914430 0.060403 0.063758
0 0.030201 0.464765 0.053691 0.070470
0 0.087248 0.449664 0.080537 0.067114
0 0.604027 0.733221 0.100671 0.036913
