1 0.777344 0.117188 0.281250 0.164062
1 0.585938 0.884766 0.250000 0.230469
1 0.359375 0.070312 0.218750 0.132812
0 0.205078 0.468750 0.066406 0.070312
0 0.753906 0.740234 0.070312 0.058594
0 0.896484 0.457031 0.089844 0.078125
0 0.646484 0.347656 0.066406 0.054688
0 0.556641 0.457031 0.128906 0.062500
0 0.373047 0.712891 0.105469 0.066406
0 0.091797 0.802734 0.121094 0.082031
0 0.714844 0.357422 0.070312 0.050781
0 0.246094 0.517578 0.078125 0.066406
0 0.957031 0.464844 0.078125 0.070312
0 0.812500 0.753906 0.070312 0.046875
0 0.970703 0.664062 0.058594 0.046875
0 0.978516 0.914062 0.042969 0.046875
0 0.160156 0.984375 0.070312 0.031250
1 0.066406 0.058594 0.125000 0.109375
