1 0.594000 0.526000 0.156000 0.132000
0 0.418000 0.382000 0.124000 0.060000
0 0.320000 0.740000 0.080000 0.056000
0 0.390000 0.760000 0.084000 0.056000
0 0.228000 0.886000 0.072000 0.044000
0 0.314000 0.892000 0.044000 0.040000
0 0.126000 0.286000 0.092000 0.060000
0 0.212000 0.314000 0.096000 0.052000
0 0.102000 0.112000 0.092000 0.056000
0 0.176000 0.100000 0.072000 0.056000
0 0.796000 0.226000 0.064000 0.100000
0 0.066000 0.584000 0.092000 0.072000
0 0.016000 0.604000 0.024000 0.056000
0 0.982000 0.046000 0.036000 0.084000
0 0.956000 0.046000 0.048000 0.084000
