0 0.142241 0.288793 0.120690 0.051724
0 0.204741 0.321121 0.125000 0.047414
0 0.120690 0.122845 0.120690 0.047414
0 0.161638 0.094828 0.107759 0.051724
0 0.450431 0.390086 0.090517 0.064655
0 0.081897 0.588362 0.120690 0.081897
0 0.331897 0.739224 0.103448 0.047414
0 0.381466 0.767241 0.107759 0.051724
0 0.247845 0.877155 0.090517 0.064655
0 0.282328 0.894397 0.099138 0.073276
0 0.795259 0.237069 0.081897 0.129310
1 0.594828 0.534483 0.163793 0.137931
0 0.368534 0.387931 0.081897 0.043103
0 0.008621 0.183190 0.008621 0.047414
0 0.019397 0.603448 0.030172 0.060345
1 0.959052 0.053879 0.081897 0.099138
