1 0.414062 0.882812 0.242188 0.234375
0 0.185547 0.753906 0.074219 0.062500
0 0.283203 0.357422 0.082031 0.058594
0 0.750000 0.511719 0.062500 0.078125
1 0.222656 0.115234 0.265625 0.160156
1 0.638672 0.070312 0.207031 0.132812
0 0.914062 0.041016 0.054688 0.074219
0 0.044922 0.464844 0.066406 0.078125
0 0.441406 0.453125 0.125000 0.070312
0 0.625000 0.716797 0.109375 0.082031
0 0.906250 0.802734 0.132812 0.074219
0 0.251953 0.750000 0.074219 0.054688
0 0.796875 0.474609 0.062500 0.082031
0 0.966797 0.074219 0.066406 0.078125
0 0.351562 0.349609 0.070312 0.050781
0 0.105469 0.458984 0.085938 0.074219
0 0.839844 0.984375 0.070312 0.031250
0 0.033203 0.669922 0.058594 0.050781
0 0.023438 0.917969 0.039062 0.039062
0 0.886719 0.013672 0.023438 0.019531
