0 0.500000 0.708984 0.062500 0.128906
0 0.519531 0.478516 0.078125 0.074219
0 0.384766 0.283203 0.082031 0.121094
1 0.820312 0.781250 0.351562 0.312500
0 0.203125 0.955078 0.054688 0.089844
0 0.449219 0.533203 0.054688 0.128906
0 0.031250 0.484375 0.054688 0.101562
1 0.130859 0.484375 0.136719 0.179688
0 0.355469 0.082031 0.078125 0.070312
0 0.562500 0.181641 0.046875 0.105469
0 0.603516 0.230469 0.058594 0.085938
0 0.533203 0.535156 0.074219 0.078125
0 0.019531 0.546875 0.031250 0.078125
0 0.369141 0.142578 0.089844 0.082031
1 0.652344 0.748047 0.132812 0.152344
