1 0.607422 0.482422 0.183594 0.152344
0 0.390625 0.345703 0.132812 0.058594
0 0.447266 0.333984 0.121094 0.074219
0 0.810547 0.169922 0.082031 0.074219
0 0.804688 0.220703 0.078125 0.082031
1 0.964844 0.031250 0.070312 0.054688
2 0.078125 0.552734 0.132812 0.097656
2 0.359375 0.685547 0.148438 0.050781
2 0.382812 0.716797 0.148438 0.050781
2 0.261719 0.824219 0.140625 0.085938
2 0.281250 0.847656 0.140625 0.085938
2 0.167969 0.244141 0.164062 0.050781
2 0.195312 0.267578 0.164062 0.050781
2 0.148438 0.076172 0.164062 0.050781
2 0.160156 0.050781 0.140625 0.046875
0 0.052734 0.533203 0.082031 0.074219
