1 0.302734 0.779297 0.253906 0.144531
0 0.201172 0.619141 0.082031 0.066406
0 0.189453 0.662109 0.082031 0.066406
0 0.414062 0.371094 0.054688 0.093750
0 0.441406 0.443359 0.085938 0.089844
0 0.460938 0.427734 0.085938 0.089844
0 0.867188 0.466797 0.085938 0.089844
0 0.919922 0.119141 0.121094 0.089844
0 0.892578 0.226562 0.050781 0.125000
0 0.919922 0.210938 0.050781 0.125000
0 0.708984 0.859375 0.113281 0.070312
0 0.558594 0.953125 0.078125 0.078125
0 0.533203 0.931641 0.058594 0.089844
0 0.574219 0.882812 0.054688 0.085938
