0 0.580078 0.433594 0.097656 0.062500
1 0.820312 0.421875 0.226562 0.117188
0 0.861328 0.705078 0.136719 0.066406
0 0.824219 0.277344 0.078125 0.054688
0 0.734375 0.154297 0.039062 0.113281
0 0.154297 0.070312 0.082031 0.046875
0 0.568359 0.076172 0.105469 0.089844
0 0.931641 0.783203 0.097656 0.074219
0 0.882812 0.259766 0.062500 0.050781
0 0.679688 0.134766 0.093750 0.066406
0 0.214844 0.099609 0.070312 0.058594
0 0.806641 0.037109 0.097656 0.066406
0 0.597656 0.455078 0.101562 0.058594
0 0.982422 0.357422 0.035156 0.035156
