1 0.791016 0.107422 0.261719 0.136719
1 0.591797 0.873047 0.238281 0.230469
1 0.359375 0.068359 0.210938 0.128906
2 0.919922 0.453125 0.128906 0.078125
0 0.230469 0.480469 0.101562 0.101562
0 0.562500 0.451172 0.109375 0.050781
0 0.697266 0.347656 0.136719 0.070312
0 0.380859 0.701172 0.105469 0.066406
0 0.101562 0.796875 0.117188 0.070312
0 0.791016 0.732422 0.113281 0.058594
0 0.087891 0.041016 0.042969 0.074219
0 0.029297 0.074219 0.050781 0.078125
0 0.976562 0.656250 0.046875 0.046875
0 0.986328 0.904297 0.027344 0.050781
0 0.166016 0.984375 0.058594 0.031250
