0 0.580078 0.251953 0.050781 0.097656
0 0.517578 0.375000 0.074219 0.085938
0 0.587891 0.451172 0.097656 0.050781
2 0.298828 0.466797 0.128906 0.089844
0 0.373047 0.873047 0.121094 0.089844
0 0.769531 0.703125 0.109375 0.078125
0 0.785156 0.728516 0.101562 0.066406
0 0.876953 0.494141 0.082031 0.089844
0 0.810547 0.365234 0.082031 0.089844
2 0.818359 0.208984 0.066406 0.121094
2 0.943359 0.687500 0.113281 0.125000
0 0.171875 0.832031 0.062500 0.078125
0 0.189453 0.097656 0.066406 0.054688
0 0.406250 0.015625 0.109375 0.023438
0 0.851562 0.849609 0.093750 0.082031
2 0.503906 0.109375 0.125000 0.062500
0 0.501953 0.144531 0.105469 0.054688
