1 0.494141 0.109375 0.207031 0.195312
0 0.894531 0.279297 0.132812 0.050781
0 0.923828 0.240234 0.136719 0.058594
1 0.851562 0.947266 0.218750 0.097656
0 0.068359 0.974609 0.128906 0.050781
0 0.025391 0.054688 0.042969 0.078125
0 0.021484 0.265625 0.035156 0.046875
0 0.015625 0.292969 0.023438 0.039062
2 0.605469 0.500000 0.195312 0.070312
2 0.585938 0.468750 0.195312 0.070312
2 0.390625 0.388672 0.171875 0.113281
2 0.408203 0.369141 0.175781 0.121094
2 0.660156 0.328125 0.132812 0.101562
2 0.695312 0.324219 0.132812 0.101562
