0 0.808429 0.720307 0.107280 0.061303
0 0.113027 0.775862 0.103448 0.072797
0 0.392720 0.681992 0.088123 0.076628
0 0.241379 0.452107 0.076628 0.084291
0 0.574713 0.421456 0.099617 0.053640
0 0.319923 0.065134 0.088123 0.076628
0 0.708812 0.327586 0.114943 0.049808
1 0.802682 0.078544 0.264368 0.134100
2 0.936782 0.423372 0.111111 0.049808
2 0.563218 0.929119 0.145594 0.049808
0 0.201149 0.977011 0.072797 0.045977
0 0.986590 0.632184 0.026820 0.045977
0 0.034483 0.047893 0.061303 0.065134
0 0.113027 0.017241 0.042146 0.026820
0 0.396552 0.036398 0.088123 0.065134
0 0.423372 0.022989 0.065134 0.038314
1 0.683908 0.833333 0.072797 0.157088
