0 0.066406 0.490234 0.125000 0.058594
0 0.691406 0.326172 0.093750 0.074219
0 0.708984 0.271484 0.089844 0.074219
0 0.828125 0.091797 0.117188 0.082031
0 0.867188 0.203125 0.101562 0.078125
0 0.714844 0.482422 0.109375 0.105469
0 0.292969 0.609375 0.117188 0.078125
0 0.621094 0.730469 0.101562 0.117188
0 0.806641 0.873047 0.097656 0.074219
0 0.957031 0.392578 0.062500 0.089844
0 0.917969 0.943359 0.101562 0.050781
1 0.148438 0.382812 0.234375 0.117188
0 0.179688 0.707031 0.070312 0.046875
0 0.990234 0.367188 0.019531 0.078125
0 0.970703 0.966797 0.058594 0.050781
