1 0.708984 0.277344 0.316406 0.296875
0 0.123047 0.105469 0.097656 0.046875
0 0.080078 0.140625 0.089844 0.054688
0 0.382812 0.269531 0.117188 0.046875
0 0.404297 0.300781 0.136719 0.046875
0 0.587891 0.470703 0.105469 0.042969
0 0.619141 0.503906 0.097656 0.039062
0 0.773438 0.728516 0.164062 0.058594
0 0.787109 0.601562 0.097656 0.062500
0 0.861328 0.595703 0.089844 0.050781
0 0.916016 0.498047 0.097656 0.097656
0 0.955078 0.494141 0.082031 0.089844
0 0.478516 0.945312 0.121094 0.054688
0 0.515625 0.970703 0.125000 0.042969
0 0.166016 0.628906 0.121094 0.046875
1 0.822266 0.050781 0.160156 0.093750
1 0.531250 0.802734 0.210938 0.136719
1 0.666016 0.916016 0.183594 0.089844
1 0.119141 0.453125 0.230469 0.093750
