0 0.267578 0.208984 0.105469 0.066406
0 0.205078 0.337891 0.105469 0.058594
2 0.080078 0.429688 0.113281 0.078125
0 0.251953 0.589844 0.097656 0.070312
0 0.392578 0.560547 0.089844 0.050781
0 0.412109 0.460938 0.082031 0.070312
0 0.507812 0.136719 0.101562 0.085938
0 0.496094 0.162109 0.101562 0.089844
2 0.597656 0.685547 0.132812 0.082031
0 0.880859 0.863281 0.089844 0.062500
0 0.873047 0.382812 0.121094 0.085938
2 0.378906 0.031250 0.156250 0.054688
0 0.566406 0.021484 0.109375 0.035156
0 0.953125 0.560547 0.093750 0.074219
0 0.369141 0.982422 0.082031 0.035156
2 0.187500 0.732422 0.078125 0.128906
2 0.144531 0.902344 0.101562 0.078125
0 0.208984 0.718750 0.074219 0.101562
0 0.156250 0.876953 0.085938 0.074219
