0 0.310547 0.111328 0.113281 0.097656
0 0.115234 0.529297 0.097656 0.050781
0 0.689453 0.285156 0.128906 0.093750
0 0.765625 0.191406 0.085938 0.054688
0 0.177734 0.494141 0.089844 0.066406
0 0.060547 0.451172 0.074219 0.050781
0 0.259766 0.691406 0.074219 0.117188
0 0.832031 0.208984 0.085938 0.050781
0 0.791016 0.748047 0.128906 0.066406
0 0.927734 0.847656 0.097656 0.117188
0 0.964844 0.720703 0.054688 0.082031
0 0.339844 0.982422 0.132812 0.035156
0 0.974609 0.574219 0.050781 0.078125
1 0.351562 0.369141 0.148438 0.089844
0 0.017578 0.443359 0.027344 0.050781
0 0.962891 0.660156 0.050781 0.078125
