0 0.254941 0.523715 0.075099 0.075099
1 0.363636 0.071146 0.229249 0.134387
1 0.774704 0.118577 0.300395 0.166008
1 0.065217 0.059289 0.122530 0.110672
0 0.555336 0.456522 0.138340 0.059289
0 0.634387 0.351779 0.098814 0.047431
0 0.897233 0.468379 0.102767 0.083004
0 0.938735 0.456522 0.098814 0.075099
0 0.747036 0.752964 0.086957 0.059289
0 0.804348 0.749012 0.083004 0.067194
0 0.391304 0.725296 0.071146 0.059289
0 0.122530 0.806324 0.079051 0.071146
1 0.584980 0.881423 0.229249 0.237154
0 0.960474 0.669960 0.079051 0.059289
0 0.966403 0.918972 0.067194 0.051383
0 0.164032 0.984190 0.090909 0.031621
0 0.195652 0.466403 0.083004 0.079051
0 0.051383 0.818182 0.071146 0.055336
0 0.713439 0.361660 0.098814 0.059289
0 0.339921 0.695652 0.071146 0.063241
