0 0.328125 0.597656 0.109375 0.085938
0 0.468750 0.578125 0.101562 0.054688
0 0.492188 0.474609 0.101562 0.074219
0 0.281250 0.341797 0.117188 0.050781
0 0.335938 0.220703 0.117188 0.050781
0 0.421875 0.037109 0.085938 0.050781
0 0.503906 0.042969 0.093750 0.062500
0 0.189453 0.423828 0.074219 0.058594
0 0.236328 0.894531 0.089844 0.085938
0 0.585938 0.142578 0.125000 0.082031
0 0.955078 0.880859 0.089844 0.089844
0 0.652344 0.685547 0.093750 0.066406
0 0.605469 0.017578 0.078125 0.027344
0 0.667969 0.031250 0.078125 0.054688
0 0.712891 0.708984 0.089844 0.058594
0 0.972656 0.386719 0.054688 0.062500
0 0.919922 0.373047 0.074219 0.050781
1 0.890625 0.582031 0.218750 0.078125
2 0.214844 0.912109 0.109375 0.097656
2 0.574219 0.185547 0.125000 0.074219
0 0.246094 0.712891 0.070312 0.082031
0 0.277344 0.785156 0.062500 0.070312
0 0.298828 0.728516 0.066406 0.105469
0 0.130859 0.449219 0.074219 0.070312
