1 0.207031 0.568359 0.351562 0.269531
1 0.580078 0.404297 0.253906 0.121094
1 0.843750 0.458984 0.164062 0.152344
0 0.078125 0.119141 0.117188 0.058594
0 0.089844 0.156250 0.125000 0.070312
0 0.283203 0.125000 0.121094 0.046875
0 0.291016 0.152344 0.121094 0.054688
0 0.429688 0.037109 0.093750 0.066406
0 0.478516 0.050781 0.097656 0.062500
0 0.634766 0.062500 0.097656 0.117188
0 0.724609 0.277344 0.113281 0.062500
0 0.732422 0.312500 0.128906 0.062500
0 0.583984 0.785156 0.121094 0.046875
0 0.623047 0.822266 0.105469 0.042969
0 0.751953 0.810547 0.105469 0.058594
0 0.742188 0.845703 0.125000 0.066406
0 0.011719 0.376953 0.015625 0.042969
0 0.017578 0.417969 0.027344 0.054688
0 0.013672 0.916016 0.019531 0.042969
1 0.148438 0.962891 0.250000 0.074219
