1 0.150391 0.828125 0.269531 0.203125
0 0.289062 0.318359 0.125000 0.066406
0 0.320312 0.271484 0.132812 0.058594
0 0.189453 0.220703 0.136719 0.042969
0 0.208984 0.187500 0.128906 0.046875
0 0.666016 0.119141 0.082031 0.097656
0 0.703125 0.119141 0.085938 0.097656
0 0.738281 0.701172 0.093750 0.160156
0 0.593750 0.375000 0.093750 0.054688
0 0.681641 0.400391 0.121094 0.050781
0 0.664062 0.357422 0.156250 0.074219
0 0.845703 0.503906 0.136719 0.054688
0 0.867188 0.537109 0.132812 0.050781
0 0.949219 0.464844 0.093750 0.054688
