1 0.783203 0.369141 0.082031 0.167969
1 0.138672 0.296875 0.136719 0.140625
0 0.281250 0.296875 0.109375 0.109375
0 0.367188 0.416016 0.078125 0.105469
0 0.458984 0.429688 0.050781 0.078125
0 0.472656 0.359375 0.054688 0.078125
0 0.500000 0.156250 0.078125 0.132812
0 0.353516 0.048828 0.082031 0.058594
0 0.392578 0.099609 0.089844 0.074219
0 0.644531 0.167969 0.078125 0.125000
0 0.839844 0.179688 0.054688 0.117188
0 0.869141 0.240234 0.058594 0.128906
0 0.945312 0.394531 0.062500 0.109375
0 0.949219 0.326172 0.062500 0.082031
0 0.337891 0.630859 0.058594 0.105469
0 0.326172 0.687500 0.058594 0.093750
0 0.277344 0.986328 0.046875 0.027344
0 0.240234 0.960938 0.066406 0.054688
0 0.720703 0.767578 0.066406 0.089844
1 0.595703 0.894531 0.160156 0.203125
