1 0.501953 0.115234 0.183594 0.191406
1 0.146484 0.951172 0.222656 0.097656
0 0.072266 0.244141 0.136719 0.050781
0 0.982422 0.267578 0.035156 0.042969
0 0.105469 0.283203 0.117188 0.050781
0 0.982422 0.300781 0.035156 0.039062
0 0.925781 0.978516 0.140625 0.042969
0 0.970703 0.050781 0.058594 0.070312
2 0.392578 0.498047 0.183594 0.066406
2 0.406250 0.466797 0.195312 0.074219
2 0.580078 0.369141 0.160156 0.121094
2 0.603516 0.388672 0.167969 0.128906
2 0.289062 0.324219 0.132812 0.109375
2 0.332031 0.330078 0.117188 0.105469
