0 0.375000 0.359375 0.132812 0.085938
0 0.382812 0.396484 0.125000 0.074219
0 0.494141 0.591797 0.082031 0.089844
0 0.539062 0.593750 0.085938 0.085938
0 0.214844 0.681641 0.109375 0.089844
0 0.261719 0.687500 0.117188 0.085938
0 0.666016 0.339844 0.128906 0.062500
0 0.740234 0.335938 0.113281 0.070312
0 0.812500 0.222656 0.132812 0.054688
0 0.837891 0.246094 0.144531 0.070312
0 0.910156 0.642578 0.125000 0.074219
0 0.933594 0.623047 0.125000 0.074219
1 0.746094 0.748047 0.242188 0.253906
1 0.878906 0.056641 0.234375 0.105469
0 0.302734 0.859375 0.097656 0.023438
