1 0.617188 0.640625 0.156250 0.132812
0 0.441406 0.494141 0.125000 0.058594
0 0.343750 0.845703 0.078125 0.058594
0 0.416016 0.869141 0.074219 0.058594
0 0.248047 0.982422 0.074219 0.035156
0 0.324219 0.982422 0.078125 0.035156
0 0.152344 0.400391 0.093750 0.058594
0 0.232422 0.423828 0.097656 0.050781
0 0.128906 0.226562 0.093750 0.054688
0 0.199219 0.208984 0.070312 0.058594
0 0.824219 0.339844 0.062500 0.101562
0 0.089844 0.695312 0.093750 0.070312
0 0.037109 0.716797 0.027344 0.050781
0 0.978516 0.156250 0.042969 0.085938
