0 0.564453 0.406250 0.097656 0.062500
1 0.796875 0.394531 0.210938 0.117188
0 0.664062 0.109375 0.085938 0.062500
0 0.140625 0.048828 0.070312 0.058594
0 0.812500 0.244141 0.062500 0.074219
0 0.548828 0.048828 0.097656 0.082031
0 0.843750 0.681641 0.117188 0.058594
0 0.919922 0.753906 0.097656 0.062500
0 0.583984 0.431641 0.097656 0.050781
0 0.195312 0.076172 0.062500 0.050781
0 0.722656 0.132812 0.039062 0.101562
0 0.865234 0.236328 0.058594 0.058594
0 0.970703 0.328125 0.058594 0.046875
0 0.785156 0.021484 0.070312 0.035156
