1 0.175610 0.578049 0.341463 0.346341
0 0.260976 0.070732 0.121951 0.063415
0 0.221951 0.034146 0.121951 0.058537
0 0.773171 0.229268 0.121951 0.058537
0 0.809756 0.278049 0.126829 0.078049
0 0.882927 0.404878 0.117073 0.107317
0 0.941463 0.517073 0.097561 0.058537
0 0.595122 0.853659 0.097561 0.078049
0 0.670732 0.895122 0.092683 0.073171
0 0.829268 0.887805 0.107317 0.068293
0 0.797561 0.939024 0.112195 0.073171
0 0.039024 0.080488 0.068293 0.073171
1 0.597561 0.380488 0.297561 0.136585
0 0.960976 0.478049 0.078049 0.048780
0 0.012195 0.029268 0.014634 0.048780
