0 0.335938 0.541016 0.078125 0.074219
0 0.388672 0.544922 0.074219 0.066406
2 0.492188 0.412109 0.125000 0.058594
2 0.648438 0.521484 0.125000 0.058594
0 0.964844 0.511719 0.070312 0.054688
0 0.896484 0.335938 0.082031 0.093750
0 0.955078 0.361328 0.074219 0.082031
0 0.701172 0.083984 0.089844 0.050781
0 0.638672 0.103516 0.105469 0.050781
0 0.832031 0.960938 0.109375 0.070312
2 0.265625 0.029297 0.125000 0.050781
2 0.205078 0.759766 0.105469 0.082031
0 0.162109 0.865234 0.027344 0.042969
0 0.960938 0.970703 0.078125 0.050781
