0 0.500000 0.521484 0.093750 0.074219
0 0.148438 0.144531 0.125000 0.078125
0 0.728516 0.761719 0.066406 0.054688
0 0.640625 0.105469 0.093750 0.031250
1 0.638672 0.240234 0.167969 0.121094
0 0.220703 0.611328 0.089844 0.082031
0 0.271484 0.677734 0.066406 0.066406
0 0.755859 0.539062 0.097656 0.062500
0 0.691406 0.134766 0.085938 0.058594
0 0.525391 0.601562 0.074219 0.062500
0 0.214844 0.685547 0.062500 0.058594
0 0.962891 0.568359 0.066406 0.058594
0 0.888672 0.572266 0.089844 0.066406
0 0.318359 0.515625 0.097656 0.070312
0 0.464844 0.605469 0.070312 0.062500
0 0.800781 0.750000 0.078125 0.054688
1 0.148438 0.929688 0.125000 0.140625
0 0.101562 0.744141 0.046875 0.074219
0 0.132812 0.810547 0.054688 0.066406
1 0.060547 0.658203 0.082031 0.121094
0 0.990234 0.179688 0.019531 0.046875
