0 0.576172 0.474609 0.136719 0.074219
0 0.623047 0.496094 0.128906 0.054688
0 0.642578 0.314453 0.097656 0.089844
0 0.720703 0.337891 0.097656 0.082031
0 0.873047 0.283203 0.097656 0.058594
0 0.945312 0.248047 0.101562 0.074219
0 0.060547 0.974609 0.113281 0.050781
0 0.019531 0.271484 0.031250 0.050781
0 0.027344 0.054688 0.046875 0.062500
0 0.835938 0.941406 0.148438 0.070312
2 0.390625 0.390625 0.132812 0.101562
2 0.414062 0.375000 0.132812 0.101562
2 0.490234 0.105469 0.113281 0.140625
2 0.513672 0.128906 0.121094 0.156250
