1 0.177734 0.207031 0.144531 0.242188
0 0.468750 0.263672 0.078125 0.058594
0 0.535156 0.255859 0.078125 0.058594
0 0.460938 0.419922 0.085938 0.058594
0 0.320312 0.658203 0.078125 0.089844
0 0.230469 0.853516 0.070312 0.113281
0 0.335938 0.957031 0.101562 0.046875
0 0.667969 0.500000 0.070312 0.054688
0 0.875000 0.273438 0.085938 0.085938
0 0.917969 0.292969 0.109375 0.054688
1 0.929688 0.554688 0.140625 0.085938
0 0.693359 0.974609 0.074219 0.050781
0 0.458984 0.896484 0.050781 0.066406
0 0.613281 0.458984 0.062500 0.066406
0 0.421875 0.839844 0.062500 0.078125
