1 0.070312 0.427734 0.132812 0.097656
0 0.140625 0.683594 0.101562 0.078125
0 0.175781 0.675781 0.101562 0.078125
0 0.466797 0.802734 0.152344 0.097656
0 0.476562 0.775391 0.132812 0.097656
0 0.568359 0.564453 0.136719 0.074219
0 0.570312 0.533203 0.140625 0.082031
0 0.597656 0.917969 0.093750 0.062500
0 0.685547 0.945312 0.097656 0.062500
0 0.691406 0.126953 0.085938 0.058594
0 0.705078 0.156250 0.121094 0.101562
0 0.636719 0.167969 0.070312 0.062500
1 0.644531 0.333984 0.320312 0.214844
0 0.806641 0.466797 0.066406 0.082031
