0 0.064444 0.491111 0.120000 0.048889
0 0.086667 0.404444 0.111111 0.071111
0 0.135556 0.357778 0.111111 0.048889
0 0.222222 0.346667 0.106667 0.044444
0 0.713333 0.484444 0.111111 0.106667
0 0.620000 0.726667 0.102222 0.111111
0 0.295556 0.608889 0.111111 0.071111
0 0.691111 0.326667 0.093333 0.075556
0 0.708889 0.271111 0.084444 0.071111
0 0.826667 0.093333 0.115556 0.080000
0 0.866667 0.204444 0.106667 0.071111
0 0.955556 0.393333 0.062222 0.084444
0 0.804444 0.866667 0.097778 0.071111
0 0.922222 0.944444 0.102222 0.057778
