1 0.199219 0.238281 0.164062 0.242188
0 0.482422 0.453125 0.105469 0.070312
0 0.496094 0.298828 0.101562 0.066406
0 0.541016 0.283203 0.097656 0.050781
0 0.640625 0.492188 0.109375 0.062500
0 0.675781 0.535156 0.109375 0.062500
0 0.333984 0.691406 0.113281 0.109375
0 0.900391 0.306641 0.128906 0.082031
0 0.892578 0.335938 0.074219 0.054688
0 0.957031 0.326172 0.078125 0.058594
0 0.453125 0.882812 0.093750 0.078125
0 0.345703 0.984375 0.136719 0.031250
0 0.250000 0.886719 0.070312 0.156250
0 0.457031 0.925781 0.093750 0.078125
1 0.931641 0.593750 0.128906 0.101562
