0 0.357422 0.431641 0.121094 0.050781
0 0.324219 0.406250 0.125000 0.054688
0 0.964844 0.210938 0.070312 0.078125
0 0.919922 0.212891 0.066406 0.089844
1 0.781250 0.355469 0.140625 0.164062
1 0.771484 0.962891 0.316406 0.074219
1 0.216797 0.541016 0.144531 0.113281
1 0.523438 0.093750 0.195312 0.085938
0 0.884766 0.505859 0.105469 0.050781
0 0.796875 0.521484 0.101562 0.058594
0 0.455078 0.533203 0.121094 0.058594
0 0.560547 0.535156 0.121094 0.046875
0 0.033203 0.761719 0.058594 0.078125
0 0.072266 0.763672 0.113281 0.082031
0 0.154297 0.015625 0.128906 0.023438
0 0.101562 0.042969 0.156250 0.046875
0 0.037109 0.847656 0.066406 0.046875
0 0.019531 0.875000 0.031250 0.039062
1 0.947266 0.626953 0.105469 0.121094
