0 0.498047 0.402344 0.082031 0.062500
0 0.474609 0.496094 0.058594 0.054688
0 0.232422 0.640625 0.136719 0.070312
0 0.076172 0.468750 0.136719 0.054688
0 0.246094 0.433594 0.101562 0.054688
0 0.675781 0.400391 0.085938 0.082031
0 0.779297 0.494141 0.074219 0.089844
0 0.755859 0.566406 0.097656 0.070312
0 0.751953 0.960938 0.074219 0.078125
0 0.849609 0.031250 0.121094 0.054688
0 0.876953 0.664062 0.074219 0.125000
0 0.910156 0.554688 0.046875 0.078125
0 0.939453 0.535156 0.074219 0.109375
0 0.296875 0.017578 0.062500 0.027344
0 0.359375 0.013672 0.054688 0.019531
0 0.009766 0.066406 0.011719 0.039062
0 0.529297 0.494141 0.058594 0.042969
1 0.847656 0.818359 0.117188 0.128906
1 0.353516 0.121094 0.152344 0.117188
