1 0.178049 0.573171 0.346341 0.326829
0 0.504878 0.334146 0.102439 0.073171
0 0.587805 0.353659 0.102439 0.063415
0 0.687805 0.400000 0.107317 0.068293
0 0.885366 0.392683 0.102439 0.092683
0 0.773171 0.212195 0.102439 0.063415
0 0.821951 0.260976 0.102439 0.073171
0 0.204878 0.029268 0.078049 0.048780
0 0.629268 0.863415 0.156098 0.097561
0 0.790244 0.931707 0.117073 0.068293
0 0.846341 0.870732 0.092683 0.063415
0 0.931707 0.507317 0.087805 0.068293
0 0.036585 0.060976 0.063415 0.092683
0 0.273171 0.060976 0.087805 0.073171
0 0.978049 0.470732 0.043902 0.053659
