1 0.541016 0.140625 0.332031 0.257812
0 0.691406 0.244141 0.101562 0.058594
0 0.791016 0.248047 0.105469 0.050781
0 0.791016 0.369141 0.113281 0.074219
0 0.822266 0.388672 0.121094 0.066406
0 0.605469 0.480469 0.117188 0.054688
0 0.597656 0.517578 0.117188 0.050781
0 0.119141 0.894531 0.105469 0.039062
0 0.144531 0.927734 0.117188 0.042969
1 0.724609 0.712891 0.332031 0.292969
1 0.412109 0.726562 0.183594 0.078125
1 0.867188 0.929688 0.171875 0.132812
1 0.925781 0.466797 0.140625 0.121094
1 0.123047 0.574219 0.238281 0.156250
1 0.138672 0.421875 0.160156 0.078125
0 0.025391 0.966797 0.042969 0.066406
0 0.988281 0.953125 0.023438 0.054688
