1 0.103516 0.728516 0.199219 0.425781
0 0.208984 0.525391 0.097656 0.089844
0 0.457031 0.519531 0.085938 0.070312
0 0.728516 0.683594 0.105469 0.046875
0 0.888672 0.492188 0.097656 0.062500
1 0.626953 0.158203 0.191406 0.152344
0 0.103516 0.054688 0.082031 0.054688
0 0.628906 0.025391 0.101562 0.042969
0 0.744141 0.458984 0.128906 0.058594
0 0.486328 0.435547 0.128906 0.074219
0 0.306641 0.431641 0.136719 0.089844
0 0.207031 0.607422 0.085938 0.050781
0 0.253906 0.589844 0.085938 0.046875
0 0.509766 0.531250 0.089844 0.062500
0 0.947266 0.498047 0.082031 0.066406
0 0.783203 0.662109 0.097656 0.050781
0 0.171875 0.070312 0.078125 0.054688
0 0.675781 0.054688 0.125000 0.046875
