1 0.775391 0.554688 0.308594 0.265625
0 0.191406 0.414062 0.093750 0.078125
0 0.351562 0.050781 0.062500 0.093750
0 0.542969 0.037109 0.117188 0.058594
0 0.238281 0.312500 0.085938 0.054688
0 0.277344 0.265625 0.085938 0.046875
0 0.343750 0.416016 0.093750 0.066406
2 0.123047 0.486328 0.105469 0.074219
0 0.220703 0.800781 0.074219 0.054688
0 0.267578 0.845703 0.089844 0.058594
0 0.392578 0.785156 0.128906 0.085938
2 0.791016 0.958984 0.113281 0.074219
2 0.703125 0.130859 0.109375 0.082031
2 0.902344 0.128906 0.109375 0.093750
2 0.460938 0.371094 0.140625 0.054688
0 0.986328 0.904297 0.027344 0.035156
0 0.984375 0.400391 0.031250 0.066406
2 0.900391 0.984375 0.136719 0.031250
