1 0.359375 0.427734 0.281250 0.308594
1 0.703125 0.806641 0.117188 0.128906
1 0.871094 0.521484 0.132812 0.136719
0 0.113281 0.771484 0.117188 0.097656
0 0.798828 0.683594 0.113281 0.062500
0 0.714844 0.560547 0.085938 0.097656
0 0.853516 0.369141 0.097656 0.105469
0 0.826172 0.427734 0.097656 0.105469
0 0.513672 0.472656 0.050781 0.078125
0 0.498047 0.539062 0.042969 0.070312
0 0.029297 0.494141 0.050781 0.066406
0 0.015625 0.724609 0.023438 0.113281
0 0.117188 0.800781 0.093750 0.078125
0 0.681641 0.974609 0.066406 0.050781
