0 0.750000 0.496094 0.062500 0.125000
0 0.433594 0.474609 0.078125 0.113281
1 0.232422 0.847656 0.167969 0.195312
0 0.269531 0.398438 0.062500 0.078125
1 0.056641 0.500000 0.105469 0.210938
0 0.228516 0.142578 0.042969 0.082031
0 0.541016 0.099609 0.058594 0.074219
0 0.642578 0.734375 0.058594 0.132812
1 0.783203 0.185547 0.277344 0.183594
0 0.958984 0.681641 0.082031 0.105469
0 0.566406 0.156250 0.054688 0.062500
0 0.257812 0.191406 0.062500 0.109375
0 0.294922 0.457031 0.058594 0.062500
0 0.384766 0.019531 0.042969 0.031250
