1 0.511719 0.187500 0.132812 0.101562
0 0.744141 0.236328 0.113281 0.050781
0 0.808594 0.365234 0.117188 0.058594
0 0.601562 0.484375 0.109375 0.085938
0 0.617188 0.589844 0.093750 0.054688
0 0.761719 0.617188 0.109375 0.085938
0 0.414062 0.037109 0.078125 0.058594
0 0.484375 0.025391 0.070312 0.042969
0 0.134766 0.898438 0.113281 0.078125
1 0.818359 0.761719 0.113281 0.148438
1 0.861328 0.919922 0.128906 0.113281
0 0.902344 0.439453 0.070312 0.058594
0 0.962891 0.460938 0.074219 0.046875
0 0.380859 0.724609 0.082031 0.058594
0 0.583984 0.058594 0.097656 0.062500
0 0.673828 0.050781 0.097656 0.046875
0 0.447266 0.695312 0.082031 0.054688
0 0.019531 0.962891 0.031250 0.058594
0 0.111328 0.417969 0.066406 0.054688
0 0.171875 0.388672 0.078125 0.042969
1 0.109375 0.578125 0.210938 0.093750
