0 0.175781 0.158203 0.093750 0.089844
0 0.371094 0.150391 0.101562 0.074219
0 0.535156 0.062500 0.085938 0.031250
0 0.080078 0.412109 0.035156 0.058594
0 0.609375 0.392578 0.117188 0.042969
0 0.726562 0.080078 0.054688 0.066406
0 0.203125 0.662109 0.109375 0.074219
0 0.349609 0.527344 0.207031 0.156250
0 0.728516 0.439453 0.089844 0.050781
0 0.683594 0.812500 0.093750 0.070312
0 0.828125 0.845703 0.109375 0.089844
0 0.884766 0.433594 0.074219 0.062500
0 0.818359 0.314453 0.113281 0.089844
0 0.281250 0.972656 0.093750 0.054688
0 0.951172 0.507812 0.089844 0.062500
